0.165,1.031,1.947,-0.544,-0.228,0.000
0.504,2.242,0.645,0.684,0.845,1.000
2.026,1.041,0.429,0.522,0.615,0.000
0.367,0.768,1.073,1.582,-0.785,1.000
0.218,0.659,1.048,2.194,-0.904,1.000
0.252,1.166,3.149,-0.726,-0.404,0.000
0.520,1.970,0.550,0.248,-0.141,0.000
2.167,0.312,-0.077,0.074,-0.104,0.000
0.411,0.736,2.119,0.839,-0.451,1.000
0.446,1.034,2.480,0.914,-0.380,0.000
0.229,1.118,1.829,-0.555,0.000,0.000
0.345,1.368,2.688,-0.692,-0.304,0.000
0.621,0.433,1.557,0.719,0.719,1.000
0.431,2.627,1.902,-0.469,-0.194,1.000
0.568,2.495,1.506,-0.485,0.000,0.000
0.456,1.513,2.206,-0.545,0.000,0.000
0.193,1.160,1.667,-0.594,0.000,0.000
1.104,2.076,0.701,1.452,-0.314,0.000
0.245,2.017,1.687,0.990,0.000,0.000
0.261,0.293,0.610,1.270,0.929,1.000
0.547,1.069,1.007,2.259,-0.731,1.000
1.831,2.751,-0.372,-0.169,-0.099,0.000
0.180,0.511,1.254,1.436,-1.007,0.000
0.366,1.494,1.248,-0.413,-0.182,0.000
0.270,2.186,0.949,-0.248,0.219,0.000
0.423,1.251,1.840,-0.554,-0.524,1.000
1.328,1.955,-0.489,0.200,0.256,0.000
0.158,0.378,1.059,-0.398,0.495,1.000
0.064,0.286,0.689,0.449,-0.448,1.000
0.249,1.876,0.914,0.379,0.000,0.000
0.120,0.311,0.426,1.818,1.201,0.000
0.137,0.695,1.079,1.630,0.000,1.000
1.064,-1.012,-0.546,1.599,-0.583,0.000
0.397,0.967,2.542,-0.790,-0.333,0.000
1.231,1.800,0.877,1.553,-0.374,1.000
0.213,1.071,2.003,-0.609,-0.229,0.000
1.010,0.987,-0.240,-0.096,0.000,0.000
0.598,1.595,2.137,0.705,-0.257,1.000
0.108,0.464,1.302,1.080,-0.349,0.000
0.523,0.813,1.771,1.270,0.758,1.000
0.122,0.592,1.288,2.546,-0.849,0.000
0.211,0.785,0.600,2.162,-0.935,1.000
0.225,0.964,0.972,-0.559,0.887,1.000
0.096,0.498,0.840,0.849,0.000,1.000
0.723,0.723,2.263,-0.667,0.401,0.000
0.687,1.871,0.637,0.378,-0.286,1.000
1.182,2.344,-0.414,-0.178,-0.119,0.000
1.034,1.039,0.257,0.198,-0.090,0.000
0.552,2.956,-0.539,0.285,-0.144,0.000
1.666,1.872,-0.297,0.164,0.116,0.000
0.257,1.090,1.917,-0.443,-0.233,0.000
2.938,0.357,1.369,-0.287,-0.131,0.000
0.205,0.351,-0.866,1.614,-0.935,1.000
0.380,2.526,1.040,-0.466,0.000,0.000
0.094,0.508,1.107,2.071,-0.789,0.000
0.607,1.628,2.083,0.694,-0.247,1.000
0.960,1.090,0.513,1.114,0.729,1.000
0.812,0.762,2.242,-0.792,0.405,0.000
0.801,0.592,2.047,-0.555,0.367,1.000
0.416,1.042,2.320,-0.564,0.337,0.000
0.219,1.447,2.493,-0.868,-0.375,0.000
0.932,2.300,-0.490,-0.202,0.000,0.000
0.272,0.527,0.821,1.185,1.092,1.000
0.109,0.472,0.772,0.685,0.638,1.000
0.363,0.694,1.930,0.798,-0.367,0.000
0.271,0.641,0.805,2.283,-1.064,1.000
0.627,1.375,-0.372,-0.163,-0.075,0.000
0.644,1.088,1.850,-0.510,0.436,0.000
0.441,2.011,0.847,0.308,0.000,0.000
0.710,2.326,-0.557,-0.203,0.000,0.000
1.041,1.631,0.505,0.340,-0.262,0.000
0.230,0.398,0.533,1.720,1.699,1.000
1.370,2.042,-0.356,0.214,0.230,0.000
0.972,1.505,-0.232,-0.101,0.101,0.000
0.173,0.407,0.855,2.415,-0.792,0.000
0.256,1.733,1.359,0.770,0.000,0.000
1.203,2.741,0.944,0.313,-0.141,0.000
0.234,0.854,2.599,-0.725,0.549,0.000
0.289,0.869,1.597,2.632,-0.796,1.000
0.118,0.384,0.410,0.973,1.363,0.000
3.239,0.650,-0.139,-0.067,0.058,0.000
0.525,1.542,1.830,1.723,-0.478,1.000
0.257,1.029,2.142,1.260,0.000,1.000
2.150,0.376,0.261,-0.065,0.000,0.000
0.402,2.047,-0.326,-0.175,-0.092,0.000
0.334,1.781,0.698,0.284,-0.124,0.000
0.886,1.913,-0.327,0.195,-0.126,0.000
0.136,0.344,0.534,0.508,1.165,0.000
0.264,1.064,2.082,-0.627,-0.305,0.000
0.238,0.899,1.439,2.113,0.000,0.000
0.524,2.902,-0.590,1.191,-0.328,0.000
0.911,1.413,1.862,1.071,-0.400,1.000
0.155,1.232,0.554,1.047,1.079,1.000
0.285,1.068,2.042,1.394,-0.447,0.000
3.086,1.188,0.521,0.388,0.274,0.000
0.517,1.205,2.199,-0.573,-0.233,0.000
2.095,0.660,-0.090,0.068,-0.040,0.000
2.544,0.372,0.300,-0.081,-0.054,0.000
0.229,0.452,0.523,1.469,1.046,0.000
0.127,0.605,0.837,0.873,-0.751,1.000
3.087,-0.304,0.150,-0.072,0.057,0.000
0.363,0.774,2.429,1.578,-0.523,0.000
0.907,1.676,0.617,0.197,-0.130,0.000
2.981,0.531,-0.134,-0.093,-0.058,0.000
0.987,1.977,-0.433,1.578,-0.482,0.000
0.106,0.458,0.931,0.000,0.000,0.000
1.165,0.903,1.661,0.648,-0.264,1.000
1.446,1.401,-0.280,-0.119,0.120,0.000
2.035,1.232,-0.204,0.103,-0.063,0.000
1.639,1.796,-0.345,0.406,1.027,0.000
1.400,1.010,0.296,0.159,-0.166,0.000
0.156,1.135,1.541,-0.448,-0.214,0.000
1.846,0.267,-0.077,0.090,-0.080,0.000
0.382,2.454,0.913,-0.570,0.000,0.000
0.082,0.389,0.378,-0.617,1.555,0.000
2.130,1.266,0.434,0.484,0.764,0.000
0.230,0.724,2.633,1.233,0.640,1.000
0.157,0.432,0.837,1.902,-0.875,0.000
-0.067,-0.286,-0.585,1.797,-0.687,1.000
3.065,0.629,0.355,-0.085,-0.062,0.000
0.184,0.425,0.952,2.461,-0.845,0.000
0.204,0.739,0.812,1.878,-0.900,1.000
0.219,0.484,-0.573,-1.097,-0.629,1.000
0.493,1.066,1.947,-0.443,-0.263,0.000
1.601,2.200,1.090,0.576,-0.168,0.000
0.288,2.901,-0.434,0.250,0.164,0.000
3.139,0.704,0.245,0.915,-0.227,0.000
0.147,0.971,0.890,1.085,0.000,1.000
0.145,0.392,0.477,2.189,-0.911,0.000
0.513,0.545,1.953,0.979,-0.547,1.000
0.619,3.052,0.601,0.951,-0.329,0.000
1.101,0.717,-0.101,0.068,-0.068,0.000
0.266,0.593,0.835,-0.569,1.956,0.000
0.292,1.056,2.459,-0.652,-0.338,0.000
0.540,2.787,-0.667,-0.242,-0.157,0.000
0.245,0.484,1.991,0.879,0.608,0.000
0.175,0.548,-0.750,-1.084,1.037,1.000
0.105,0.495,1.206,2.321,0.000,0.000
0.708,2.221,-0.545,-0.188,0.000,0.000
0.350,1.239,2.361,-0.652,0.566,0.000
0.301,1.086,2.021,0.933,1.105,1.000
0.362,2.421,-0.499,-0.284,-0.193,0.000
0.343,0.927,1.783,1.192,1.546,1.000
0.233,0.385,1.589,1.504,2.106,1.000
0.321,1.628,2.141,-0.561,-0.275,0.000
1.064,2.800,-0.421,-0.204,0.239,0.000
0.128,0.442,0.520,2.045,0.000,0.000
0.273,1.623,-0.435,0.226,-0.093,0.000
0.210,0.450,0.747,0.946,0.000,1.000
3.399,0.577,-0.143,-0.079,-0.047,0.000
0.164,0.946,2.589,-0.668,0.000,0.000
1.619,1.550,-0.280,-0.100,0.000,0.000
0.128,0.621,1.433,2.052,0.000,0.000
0.936,2.239,0.778,1.064,0.411,0.000
0.214,0.508,0.631,0.927,0.000,1.000
2.173,1.297,0.398,0.137,-0.101,0.000
0.572,2.468,1.182,0.830,-0.371,1.000
0.778,1.791,-0.416,0.277,-0.263,1.000
2.675,0.309,0.452,0.984,-0.225,0.000
0.473,1.570,-0.413,0.305,-0.099,0.000
0.185,1.098,2.485,-0.698,-0.390,0.000
0.177,1.241,1.328,-0.472,-0.209,0.000
0.287,0.531,0.696,1.883,0.000,1.000
0.478,2.033,2.162,-0.682,0.000,0.000
0.266,1.268,2.178,-0.809,0.000,0.000
0.267,1.309,1.846,0.741,-0.342,0.000
1.294,1.194,-0.215,0.114,0.095,0.000
0.609,1.765,1.198,0.905,1.245,0.000
0.984,2.097,1.249,0.781,-0.230,1.000
1.176,2.254,-0.343,0.226,0.156,0.000
0.541,2.145,-0.562,-0.228,-0.141,1.000
1.752,1.470,1.261,-0.437,0.648,1.000
0.885,1.789,1.276,1.406,-0.496,1.000
0.092,0.476,0.321,0.505,0.998,0.000
2.309,1.809,-0.363,0.917,-0.260,0.000
0.139,1.504,1.462,-0.766,0.000,0.000
0.209,0.433,0.623,1.429,2.012,1.000
0.274,2.028,0.992,0.406,0.000,0.000
0.629,2.626,-0.606,-0.245,-0.158,0.000
0.129,0.546,0.893,0.530,0.000,0.000
0.528,1.671,1.743,1.062,-0.239,1.000
1.048,1.933,-0.333,-0.127,0.118,0.000
0.401,0.831,1.930,-1.208,-0.434,0.000
1.057,1.935,1.325,-0.473,-0.183,1.000
-0.225,2.158,-0.463,-0.259,0.000,0.000
0.646,0.378,1.547,0.796,0.720,1.000
0.302,0.650,1.298,1.893,-0.499,1.000
0.789,1.414,1.100,1.857,-0.593,1.000
0.691,2.603,-0.490,-0.351,1.170,0.000
2.937,0.357,1.369,-0.287,-0.132,0.000
0.224,0.558,0.638,1.559,0.000,1.000
0.583,3.025,0.989,-0.302,-0.153,0.000
0.326,1.646,2.180,-0.578,-0.284,0.000
0.650,1.803,-0.366,-0.148,0.000,0.000
1.585,1.360,-0.207,0.117,0.132,0.000
1.677,0.791,-0.410,2.004,-0.434,0.000
2.911,0.745,-0.168,0.264,-0.093,0.000
0.828,2.410,1.261,0.484,-0.155,1.000
0.216,1.590,1.132,0.486,-0.201,0.000
1.908,0.570,-0.108,0.145,-0.193,0.000
0.719,2.628,-0.487,0.253,-0.233,0.000
0.317,1.318,1.996,-0.616,0.472,0.000
0.200,0.764,0.892,1.241,-0.772,1.000
0.363,0.400,0.848,1.914,-0.623,0.000
0.331,1.720,0.600,0.300,-0.119,0.000
0.903,2.229,-0.481,-0.194,-0.114,0.000
0.305,1.943,1.757,0.721,-0.350,0.000
1.056,1.866,-0.335,0.211,0.134,0.000
0.326,0.457,1.856,1.601,1.480,1.000
0.568,2.557,0.811,1.003,-0.411,1.000
1.396,2.010,-0.286,-0.156,-0.133,0.000
0.238,1.615,1.220,-0.487,0.000,0.000
0.573,0.920,1.713,0.780,0.487,0.000
0.204,1.574,1.157,0.620,0.000,0.000
2.585,0.471,-0.133,-0.075,0.119,0.000
1.715,1.682,0.600,1.275,-0.375,0.000
1.051,2.749,-0.420,0.301,0.619,0.000
1.496,2.131,-0.356,-0.297,0.746,0.000
1.470,1.903,-0.312,-0.134,-0.074,0.000
0.204,0.411,0.654,1.529,1.854,1.000
0.212,1.587,-0.747,-0.339,-0.168,0.000
0.403,1.292,2.157,-0.682,0.000,0.000
0.457,3.001,-0.430,-0.189,-0.166,0.000
1.460,0.796,0.449,-0.114,-0.066,0.000
0.883,2.215,-0.452,0.337,-0.215,0.000
0.315,1.189,2.530,-0.638,-0.517,1.000
1.322,2.248,1.092,0.679,-0.187,1.000
0.211,1.402,2.503,-0.768,-0.337,0.000
1.061,3.173,-0.631,-0.238,0.162,0.000
0.310,1.211,0.923,2.254,-0.569,1.000
0.128,0.338,0.320,0.777,1.814,0.000
0.143,0.979,1.945,-0.612,-0.261,0.000
2.885,-0.282,1.362,0.503,-0.216,0.000
0.211,1.580,1.101,0.498,0.000,0.000
0.214,1.294,0.847,1.085,-0.415,0.000
0.279,0.701,0.936,1.152,0.000,1.000
0.174,0.854,0.867,0.584,-0.460,1.000
0.544,2.082,0.905,0.603,-0.405,1.000
0.341,1.523,-0.519,0.373,-0.130,0.000
0.598,2.171,0.671,0.332,0.201,0.000
1.266,2.537,0.850,0.607,-0.201,0.000
0.476,2.520,0.978,-0.317,-0.173,0.000
0.554,2.594,0.879,-0.513,1.205,0.000
1.752,2.127,0.507,0.220,-0.124,0.000
0.366,2.989,-0.515,0.331,-0.133,0.000
2.078,1.095,-0.145,0.094,0.084,0.000
0.646,2.708,-0.576,0.369,0.560,1.000
0.143,0.542,1.313,1.501,-0.864,0.000
1.309,0.768,1.780,1.657,-0.414,1.000
1.854,0.906,0.339,0.200,-0.320,0.000
0.303,2.881,-0.481,0.221,0.157,0.000
0.132,0.543,1.111,1.600,-0.551,1.000
0.761,1.655,-0.413,-0.175,-0.078,0.000
2.318,1.826,-0.356,0.991,-0.285,0.000
0.212,1.310,2.543,-0.806,0.000,0.000
0.302,0.581,2.031,1.122,1.408,1.000
0.076,0.423,1.138,1.862,0.000,0.000
0.406,2.574,2.009,-0.413,-0.177,1.000
0.299,1.968,1.041,0.862,-0.426,0.000
1.284,2.927,-0.485,-0.241,-0.213,0.000
0.797,1.249,1.456,-0.451,-0.173,1.000
1.723,2.168,-0.377,-0.281,0.723,0.000
0.305,1.080,0.845,2.245,-0.670,1.000
1.147,0.598,1.717,0.636,-0.247,1.000
0.643,1.547,-0.301,0.156,-0.065,0.000
0.487,1.592,1.754,0.688,-0.410,0.000
0.157,0.841,0.912,2.023,-0.689,0.000
-0.112,1.025,-0.216,0.613,-0.195,0.000
0.214,0.954,0.683,1.696,-0.645,1.000
1.509,1.557,0.482,0.283,-0.169,0.000
0.966,1.848,1.467,0.741,0.612,1.000
0.841,1.726,0.504,0.306,-0.309,0.000
0.277,1.333,2.228,-0.536,0.551,0.000
1.402,0.892,1.488,1.384,-0.652,1.000
0.262,0.729,0.839,1.728,0.000,0.000
1.292,1.044,-0.364,0.134,0.000,0.000
-0.260,-0.825,-1.641,-1.494,0.000,0.000
0.651,2.706,0.894,0.903,-0.320,1.000
0.269,0.362,0.661,2.265,-0.705,0.000
-0.247,0.524,1.130,1.935,-0.977,1.000
0.234,1.176,0.888,0.714,0.000,1.000
0.476,2.249,1.430,0.691,-0.217,0.000
0.999,1.822,-0.428,-0.452,0.447,1.000
0.490,1.113,1.751,1.019,1.024,1.000
0.370,0.488,1.665,2.657,-0.785,1.000
0.103,0.411,0.718,-0.632,1.311,1.000
0.387,0.474,1.643,2.735,-0.624,1.000
0.281,2.246,0.648,0.255,0.281,0.000
0.302,3.129,-0.561,0.289,0.196,0.000
1.846,0.467,0.155,0.114,0.107,0.000
1.000,1.795,0.350,0.242,-0.164,0.000
2.463,1.019,-0.147,0.113,0.080,0.000
0.329,2.133,0.924,0.436,-0.326,1.000
0.383,2.978,-0.561,1.060,-0.350,1.000
0.409,0.349,1.832,1.081,-0.749,1.000
0.106,0.772,0.327,1.130,0.969,1.000
0.126,0.732,1.483,1.451,0.521,0.000
0.281,1.518,3.079,-0.893,-0.362,0.000
0.545,0.513,1.504,1.904,-0.728,0.000
0.238,1.519,0.643,0.270,0.169,0.000
0.249,1.066,2.355,-0.791,0.000,0.000
0.315,1.213,0.769,1.048,0.786,1.000
2.819,0.340,0.188,0.085,0.108,0.000
0.341,0.792,2.458,-0.985,-0.459,0.000
0.354,1.005,1.607,0.835,-0.338,1.000
0.808,3.041,-0.586,0.621,-0.260,0.000
0.259,0.725,0.860,1.092,0.000,0.000
0.511,0.487,1.832,1.094,-0.397,1.000
0.976,0.857,2.104,0.725,0.368,0.000
0.312,0.648,0.364,1.123,0.634,1.000
0.280,0.560,2.257,0.949,1.396,1.000
0.336,0.875,2.576,1.339,-0.557,0.000
2.133,1.473,-0.194,-0.073,0.090,0.000
0.864,2.681,-0.484,-0.181,-0.120,0.000
0.650,3.308,-0.468,-0.263,0.600,0.000
0.313,0.854,2.147,-0.659,-0.316,0.000
2.918,0.994,0.745,-0.148,-0.079,0.000
0.790,2.192,-0.436,0.264,-0.166,0.000
0.392,1.443,1.052,0.423,0.000,0.000
0.353,0.583,1.946,0.937,0.682,1.000
0.204,1.772,0.672,0.336,0.000,0.000
0.241,0.511,0.665,2.272,-0.859,0.000
0.431,0.803,1.946,-0.764,0.523,1.000
0.139,0.384,0.803,1.560,1.075,0.000
0.188,0.750,0.797,1.287,-0.606,0.000
1.093,1.612,-0.366,0.529,0.511,0.000
0.443,2.273,1.764,0.697,-0.297,0.000
0.870,1.053,0.731,0.570,0.851,1.000
0.400,1.025,2.406,-0.789,0.429,0.000
0.136,0.717,1.145,1.897,0.000,1.000
2.725,-0.239,-0.101,-0.060,-0.045,0.000
0.418,2.521,-0.509,0.420,-0.151,0.000
0.096,0.344,0.316,0.476,-0.469,0.000
1.719,0.600,-0.104,0.089,0.068,0.000
-0.044,0.190,-0.186,-0.344,-0.488,1.000
0.740,2.248,-0.622,-0.250,-0.145,0.000
0.667,3.055,-0.507,-0.226,-0.128,0.000
2.486,0.532,0.234,0.087,0.071,0.000
0.518,0.450,1.335,1.317,2.015,1.000
0.834,2.202,1.692,0.436,-0.182,1.000
0.135,0.483,0.456,-0.493,1.108,1.000
0.195,1.537,1.311,0.581,0.000,0.000
0.498,3.280,-0.608,-0.242,0.000,0.000
0.544,2.493,1.148,1.169,-0.355,1.000
0.582,0.401,1.882,1.017,0.000,1.000
2.600,0.644,0.221,0.133,-0.116,0.000
1.109,2.796,-0.443,-0.199,0.278,0.000
0.132,0.588,1.521,1.318,-0.437,0.000
0.907,1.906,-0.415,-0.155,-0.101,0.000
0.885,0.328,1.847,0.751,0.387,1.000
1.439,1.079,0.316,0.216,-0.099,0.000
0.610,2.820,0.866,-0.317,0.971,0.000
2.170,-0.458,0.274,0.264,-0.124,0.000
0.805,1.398,0.578,0.222,0.206,0.000
-0.155,1.643,1.345,0.620,0.372,0.000
0.159,0.378,0.460,-0.601,1.794,0.000
-0.142,0.501,-0.531,-1.140,0.000,1.000
1.232,1.073,-0.213,-0.080,-0.056,0.000
-0.180,-0.322,-0.604,1.050,0.000,0.000
0.195,0.454,0.768,0.713,0.720,1.000
3.617,-0.272,0.340,0.224,-0.073,0.000
0.642,1.871,-0.317,-0.141,0.000,0.000
-0.044,0.533,1.324,1.615,0.000,0.000
0.118,0.263,0.533,1.373,1.235,0.000
0.146,0.771,1.573,1.818,0.000,0.000
1.004,2.192,1.276,0.833,-0.228,0.000
0.730,1.373,-0.254,-0.109,-0.058,0.000
1.414,0.591,0.157,0.141,-0.205,0.000
2.796,0.551,0.577,0.687,0.401,0.000
0.253,0.292,0.594,1.273,0.993,1.000
0.181,0.509,0.750,1.970,0.000,0.000
0.750,2.069,-0.410,-0.193,0.000,0.000
0.382,1.752,0.792,0.371,-0.183,0.000
0.360,1.301,0.931,1.889,-0.615,1.000
0.124,0.346,0.598,2.196,-0.645,0.000
0.668,2.159,-0.382,-0.154,0.117,0.000
0.819,1.963,1.105,1.480,-0.357,1.000
0.115,0.375,0.486,1.742,0.000,0.000
0.950,0.555,1.311,1.481,1.496,1.000
0.348,2.567,-0.397,0.297,-0.383,0.000
0.747,0.593,1.381,1.936,1.205,1.000
3.010,0.670,0.180,0.122,0.067,0.000
0.099,0.378,0.766,0.692,0.502,1.000
2.956,0.996,0.730,-0.175,-0.087,0.000
0.419,1.303,0.851,0.463,-0.148,0.000
1.370,0.965,0.750,0.638,0.325,1.000
0.899,1.904,-0.411,0.367,1.190,0.000
0.321,3.020,1.304,0.677,-0.201,1.000
0.573,0.733,2.036,-0.445,0.642,1.000
0.826,1.279,1.977,-0.533,0.347,1.000
0.807,1.647,1.476,1.160,-0.411,1.000
1.645,0.570,2.274,-0.580,-0.221,0.000
0.168,0.704,0.758,1.268,1.578,1.000
0.447,1.651,2.210,-0.547,-0.289,0.000
0.180,0.679,0.923,1.823,-0.782,1.000
2.832,-0.255,0.122,0.118,-0.058,0.000
1.464,0.726,-0.130,0.102,0.091,0.000
0.385,2.111,-0.414,0.214,-0.128,0.000
0.328,0.901,2.620,1.194,-0.555,0.000
0.642,2.010,1.612,-0.395,0.000,0.000
0.310,0.953,1.540,1.066,0.639,1.000
0.749,2.548,0.543,1.353,-0.331,0.000
0.466,2.279,1.825,0.778,-0.253,0.000
0.573,2.555,1.523,0.452,-0.190,0.000
0.198,0.677,1.169,1.591,-0.513,1.000
0.476,2.540,-0.447,-0.222,0.000,0.000
1.404,1.531,0.476,1.601,-0.424,0.000
1.262,2.093,-0.414,0.213,0.166,0.000
0.099,0.661,0.363,0.649,0.650,1.000
0.391,0.905,0.689,0.987,0.000,1.000
0.404,1.029,2.730,-0.799,-0.338,0.000
0.802,1.880,2.010,-0.490,0.000,0.000
2.530,-0.211,0.213,0.152,-0.059,0.000
0.639,1.201,1.963,-0.682,-0.242,0.000
0.173,0.673,0.755,1.377,0.732,1.000
0.229,0.452,0.523,1.470,1.046,0.000
0.223,0.395,0.399,1.208,1.386,0.000
0.091,0.283,0.337,0.456,0.000,0.000
0.408,0.949,1.910,-0.481,-0.244,0.000
0.191,0.395,0.643,0.544,0.000,0.000
0.627,3.389,-0.475,-0.251,0.372,0.000
0.586,2.320,2.095,-0.587,-0.313,0.000
1.669,2.226,0.545,0.229,-0.139,0.000
3.151,-0.310,0.308,0.612,-0.171,0.000
0.651,2.655,0.991,0.575,-0.228,0.000
0.375,2.555,-0.470,0.260,0.000,0.000
0.794,0.514,1.248,2.127,-0.652,0.000
-0.050,0.420,0.923,-0.357,-0.357,1.000
0.337,1.180,1.616,0.741,-0.396,0.000
0.557,0.596,1.601,1.204,0.683,1.000
0.626,2.637,-0.419,0.264,-0.277,0.000
0.873,2.740,0.827,-0.275,-0.149,0.000
0.613,2.804,0.670,0.927,0.560,1.000
0.230,0.749,2.933,-0.970,0.516,1.000
0.729,2.055,-0.436,-0.183,0.165,0.000
0.966,2.286,-0.293,-0.149,-0.116,0.000
0.194,0.652,1.007,1.213,-0.438,1.000
0.204,0.567,2.562,-0.649,0.398,0.000
0.749,2.499,1.538,-0.428,-0.219,0.000
-0.063,0.752,1.637,1.324,0.991,1.000
-0.094,-0.341,0.691,-0.623,0.000,1.000
0.182,0.614,0.629,0.449,0.000,1.000
2.611,0.661,0.164,0.104,-0.053,0.000
0.132,0.515,0.665,1.668,-0.674,1.000
0.466,1.060,2.642,-0.676,-0.242,0.000
2.655,0.577,0.211,0.835,-0.374,0.000
0.464,3.041,-0.547,-0.242,-0.150,0.000
2.059,1.637,0.746,-0.169,0.157,0.000
0.508,3.092,1.040,0.693,-0.255,1.000
0.136,0.214,0.237,0.450,0.847,1.000
0.909,2.261,-0.479,-0.195,-0.109,0.000
0.269,1.497,2.217,-0.727,0.566,0.000
0.133,0.506,1.022,0.840,-0.477,1.000
0.562,2.578,-0.598,0.433,0.491,1.000
0.131,0.617,0.545,0.897,0.000,0.000
1.042,1.180,-0.264,-0.114,0.091,0.000
0.302,2.120,-0.337,-0.184,-0.110,0.000
0.762,1.413,0.500,0.195,-0.081,0.000
0.209,0.543,0.432,1.936,-0.740,1.000
3.177,-0.275,-0.111,0.090,-0.074,0.000
0.272,0.719,0.413,1.061,-0.518,1.000
1.162,0.738,0.243,0.208,-0.088,0.000
0.951,0.414,1.982,-0.634,0.340,1.000
0.511,2.783,-0.523,0.345,-0.156,0.000
0.851,2.024,0.903,0.524,0.634,1.000
0.127,0.522,0.881,1.744,0.000,1.000
0.135,0.491,0.384,-0.370,1.116,1.000
0.404,0.913,2.575,0.831,-0.295,0.000
0.523,1.005,1.486,0.892,-0.351,1.000
0.062,0.311,0.418,-0.534,0.000,0.000
1.025,2.404,-0.505,0.259,0.435,0.000
0.066,0.280,0.417,-0.544,0.000,0.000
0.235,1.178,2.537,-0.725,1.184,0.000
0.116,0.485,0.917,1.673,0.000,0.000
0.496,0.764,2.141,-0.605,0.721,1.000
0.048,0.234,0.294,0.469,-1.092,0.000
2.558,0.561,0.573,0.475,0.341,0.000
1.654,1.518,0.680,0.716,0.826,0.000
1.214,2.723,0.921,0.318,-0.138,0.000
0.640,2.462,1.133,-0.335,0.000,0.000
2.474,0.334,0.207,0.208,-0.063,0.000
0.537,1.104,1.705,1.350,0.000,1.000
0.170,0.581,1.363,1.124,0.000,0.000
0.278,1.630,1.856,1.155,-0.379,1.000
0.228,0.471,1.647,1.184,0.705,0.000
1.136,2.373,1.464,-0.300,-0.168,1.000
0.108,0.305,0.386,-0.664,-1.016,0.000
0.118,0.542,0.738,0.954,1.411,1.000
2.324,0.650,-0.112,0.131,-0.052,0.000
0.612,2.418,0.909,0.425,0.225,0.000
3.426,0.753,-0.143,-0.091,-0.053,0.000
1.439,2.014,-0.531,-0.168,-0.103,0.000
1.157,0.855,1.941,-0.668,-0.261,0.000
0.620,1.855,-0.297,0.241,0.261,0.000
0.297,0.626,2.667,0.974,0.522,1.000
0.102,0.551,0.521,-0.624,2.719,0.000
0.162,0.632,0.746,1.327,-0.638,1.000
0.169,1.441,1.267,0.545,-0.214,0.000
1.404,1.810,-0.342,-0.125,-0.085,0.000
0.460,1.211,0.488,-0.501,0.000,1.000
2.032,0.524,0.118,0.152,-0.191,0.000
2.884,1.030,0.349,0.219,-0.236,0.000
0.302,1.281,1.743,-0.659,-0.302,0.000
1.132,1.404,-0.221,-0.100,0.087,0.000
0.550,2.399,1.564,-0.498,0.000,0.000
0.238,2.446,-0.545,0.576,0.000,0.000
0.409,0.753,1.935,0.942,1.234,1.000
-0.217,0.793,-0.519,1.583,-0.768,1.000
1.179,1.328,-0.231,-0.093,-0.064,0.000
0.671,0.593,2.116,1.026,1.258,1.000
0.628,1.575,-0.285,0.148,-0.066,0.000
0.600,2.234,1.442,-0.237,-0.152,0.000
-0.239,3.211,-0.684,-0.311,-0.169,0.000
0.335,1.506,2.304,-0.684,0.000,0.000
0.279,2.161,0.845,1.080,-0.375,1.000
2.283,-0.200,0.092,0.071,-0.067,0.000
0.182,0.418,1.202,1.724,-0.667,0.000
0.415,2.713,-0.637,0.789,0.885,0.000
1.114,2.285,-0.409,0.266,1.002,0.000
3.644,-0.294,0.159,-0.072,-0.045,0.000
2.314,0.674,-0.091,-0.059,0.048,0.000
0.842,1.870,-0.342,0.327,-0.338,0.000
3.724,-0.302,-0.128,-0.083,-0.061,0.000
2.039,1.226,0.508,0.350,-0.135,0.000
1.458,0.693,-0.129,0.131,0.118,0.000
0.430,2.588,1.361,-0.372,-0.195,0.000
2.168,1.537,0.842,0.709,-0.195,0.000
0.785,2.823,1.235,0.700,0.367,1.000
0.325,0.815,1.529,1.280,1.950,1.000
1.593,0.577,0.174,0.153,0.075,0.000
1.658,1.367,-0.202,0.140,0.133,0.000
0.258,0.894,2.718,-0.680,-0.338,0.000
0.112,0.514,-0.887,1.609,-0.794,1.000
0.284,1.152,2.329,1.276,0.000,0.000
1.408,1.792,-0.344,-0.124,-0.081,0.000
0.029,-0.188,0.383,0.603,0.000,0.000
1.022,2.186,1.286,0.803,-0.227,0.000
0.253,2.692,-0.521,0.274,0.166,0.000
0.243,1.014,2.373,1.039,0.000,0.000
0.541,0.852,2.056,-0.463,0.378,1.000
-0.118,0.620,1.462,0.949,0.000,1.000
0.320,2.883,-0.428,-0.216,-0.139,0.000
1.090,1.973,-0.415,0.189,-0.112,0.000
1.078,0.900,2.517,-0.649,0.383,1.000
0.928,2.511,-0.430,0.970,-0.284,1.000
2.256,0.508,-0.113,-0.066,-0.046,0.000
0.273,2.073,0.627,0.313,0.000,0.000
0.259,1.683,1.178,0.469,0.000,0.000
1.441,0.970,0.396,0.265,-0.163,0.000
0.470,0.435,1.759,0.743,0.422,1.000
0.085,0.387,0.661,0.600,-0.456,0.000
0.301,1.704,1.237,1.884,-0.639,0.000
0.238,1.811,0.682,0.257,0.119,0.000
1.288,2.328,-0.359,-0.201,0.175,0.000
1.030,1.402,1.403,-0.409,1.116,1.000
1.248,3.001,-0.430,-0.171,-0.128,0.000
2.210,1.840,0.387,0.952,-0.245,0.000
0.626,2.139,1.102,-0.320,-0.167,0.000
0.837,2.421,-0.601,-0.271,-0.136,0.000
2.328,0.582,-0.107,0.077,-0.038,0.000
0.235,0.966,2.033,-0.638,-0.266,0.000
1.204,1.859,0.475,0.641,0.666,0.000
0.449,2.339,1.345,1.411,-0.354,1.000
0.346,0.925,2.396,1.064,0.419,0.000
1.209,1.761,-0.290,0.176,-0.094,0.000
0.258,1.379,1.885,0.799,0.000,0.000
1.041,1.960,-0.318,0.195,-0.410,0.000
1.802,1.243,-0.231,0.141,0.096,0.000
0.175,0.896,2.265,0.928,0.000,0.000
1.957,1.436,-0.279,0.232,-0.102,0.000
0.106,0.318,0.536,-0.195,-0.435,0.000
0.690,2.921,-0.568,-0.222,-0.139,0.000
0.098,0.526,1.126,0.000,0.000,0.000
1.901,0.502,0.188,0.151,-0.152,0.000
0.278,0.949,2.609,-0.656,-0.315,0.000
0.496,2.197,1.185,0.405,-0.195,0.000
0.315,1.503,1.331,0.369,-0.164,0.000
1.871,0.788,0.160,0.133,-0.159,0.000
0.288,0.765,0.644,1.642,1.580,0.000
2.628,0.845,0.402,0.299,0.703,0.000
1.515,1.091,-0.152,-0.072,0.068,0.000
2.141,1.604,1.045,-0.292,-0.134,0.000
0.462,2.139,-0.388,-0.164,-0.089,0.000
0.599,0.585,1.525,0.809,0.429,1.000
0.221,0.939,0.865,1.636,0.000,1.000
0.215,1.196,0.913,1.121,-0.470,0.000
0.314,2.256,1.035,0.564,0.272,0.000
1.037,1.780,-0.256,-0.107,0.097,0.000
0.200,0.506,0.833,0.837,0.000,1.000
0.414,0.577,0.988,1.104,0.000,1.000
1.583,2.372,-0.478,-0.209,-0.109,0.000
2.534,0.566,1.554,-0.356,-0.135,0.000
2.509,0.448,1.680,-0.387,-0.146,0.000
0.634,3.050,-0.590,0.876,-0.329,0.000
1.910,1.253,-0.210,-0.097,-0.062,0.000
0.269,0.524,0.711,-0.714,0.000,1.000
0.580,1.030,2.133,-0.391,0.541,0.000
0.155,0.453,1.053,2.089,-0.710,0.000
1.304,2.718,-0.422,0.257,0.342,0.000
0.559,2.521,1.509,0.648,-0.272,0.000
3.500,-0.292,0.161,-0.086,-0.085,0.000
0.149,0.513,0.622,1.332,0.851,1.000
0.208,1.306,1.854,-0.784,-0.537,0.000
0.444,1.333,2.260,1.261,-0.565,1.000
0.802,3.022,-0.647,0.588,0.287,0.000
0.212,0.585,0.688,1.343,1.256,1.000
0.072,0.333,0.556,0.507,0.438,0.000
2.400,0.627,0.190,0.172,-0.100,0.000
0.887,2.167,0.646,0.475,1.125,0.000
0.616,0.753,2.195,-0.547,-0.231,1.000
0.252,2.304,0.993,0.561,0.251,0.000
0.959,2.559,-0.490,0.956,-0.299,0.000
0.796,0.545,1.334,2.268,-0.653,0.000
1.282,0.719,-0.128,0.117,0.115,0.000
0.708,0.435,0.905,-0.270,-0.098,0.000
2.057,0.308,-0.077,0.071,-0.098,0.000
0.914,1.734,0.614,-0.217,-0.110,1.000
0.382,0.975,2.027,1.022,0.527,0.000
0.361,2.402,1.027,-0.654,1.309,0.000
0.216,0.376,0.622,1.729,1.369,1.000
0.255,0.496,1.861,0.936,0.456,0.000
2.255,0.648,-0.111,0.111,-0.049,0.000
1.116,2.206,1.501,-0.407,-0.147,1.000
0.435,2.108,2.029,-0.544,-0.262,0.000
0.729,3.026,-0.471,-0.192,0.185,0.000
0.276,0.904,2.035,1.594,0.000,0.000
0.811,2.098,0.834,1.390,-0.433,0.000
0.376,1.259,2.226,-0.598,0.000,0.000
0.779,2.109,1.791,-0.419,-0.159,1.000
0.345,1.987,1.372,0.678,-0.254,0.000
3.054,-0.324,0.275,0.407,-0.238,0.000
2.982,0.346,1.350,0.510,-0.234,0.000
2.638,0.482,0.179,0.133,-0.052,0.000
0.437,2.900,-0.578,1.170,-0.385,0.000
0.877,0.255,2.422,-0.667,-0.416,1.000
0.983,1.108,0.327,-0.082,0.062,0.000
0.469,2.577,1.527,0.771,-0.241,0.000
0.242,0.679,2.170,-0.680,0.545,1.000
0.560,1.341,1.919,-0.489,-0.206,0.000
3.150,0.540,0.227,0.216,-0.061,0.000
2.511,1.155,-0.241,-0.087,0.000,0.000
2.545,0.316,-0.103,0.087,0.062,0.000
0.598,1.798,0.479,-0.177,0.000,0.000
0.108,0.298,0.471,1.854,1.152,0.000
0.508,2.937,-0.498,0.263,-0.159,0.000
1.887,2.525,-0.323,-0.149,-0.110,0.000
1.322,0.603,0.156,0.145,-0.163,0.000
1.214,1.716,-0.243,-0.108,0.100,0.000
0.796,1.215,0.822,0.415,0.890,1.000
1.483,1.798,0.666,0.921,0.707,0.000
1.172,1.957,-0.320,-0.146,0.128,0.000
0.094,0.342,0.561,-0.223,-0.460,0.000
0.628,2.801,0.760,0.493,0.981,0.000
0.159,0.356,0.591,1.763,1.424,0.000
0.870,1.801,0.956,-0.251,-0.156,0.000
0.140,0.295,0.575,1.349,1.880,1.000
0.127,0.455,1.162,2.310,0.000,0.000
3.074,0.471,-0.120,-0.069,-0.049,0.000
0.651,2.527,0.904,0.336,0.000,0.000
0.256,0.330,0.620,2.290,-0.736,0.000
0.513,1.105,1.385,-0.358,0.257,0.000
0.391,2.897,-0.590,0.371,0.953,0.000
0.609,1.359,-0.747,-0.271,-0.193,0.000
1.214,1.807,1.980,-0.398,-0.160,1.000
0.697,1.043,1.942,0.840,1.487,1.000
2.531,0.387,0.640,1.019,-0.337,0.000
1.175,1.208,2.314,-0.469,-0.284,1.000
0.670,3.124,-0.576,-0.285,-0.366,0.000
0.233,0.824,2.218,-0.694,0.388,0.000
0.221,1.265,1.291,0.504,-0.197,0.000
0.493,0.807,2.059,-0.724,0.521,1.000
-0.590,-1.327,-0.549,-0.647,0.000,1.000
0.600,1.791,1.230,0.983,1.141,0.000
1.797,2.261,-0.505,0.230,0.210,0.000
3.055,0.508,-0.123,-0.075,-0.049,0.000
0.134,0.494,-0.522,-0.643,0.786,0.000
0.212,0.656,0.907,1.481,0.000,0.000
0.723,3.151,-0.514,0.284,-0.198,0.000
0.403,1.026,1.205,1.809,1.525,1.000
0.268,1.333,2.890,-0.748,0.000,0.000
0.312,2.136,-0.335,-0.184,-0.108,0.000
0.238,0.454,1.589,1.379,0.692,0.000
2.514,-0.238,0.103,0.089,0.090,0.000
0.486,1.088,2.141,1.099,0.467,0.000
0.181,1.316,0.821,0.676,0.000,0.000
0.277,1.136,2.468,-0.763,-0.410,0.000
0.651,2.360,-0.503,0.291,0.148,0.000
-0.053,4.320,-0.486,-0.243,-0.162,0.000
2.521,0.403,-0.107,0.100,-0.068,0.000
0.132,0.456,0.442,-0.498,1.078,1.000
0.226,0.842,1.019,2.022,-0.738,1.000
0.222,1.017,2.425,1.076,-0.367,0.000
0.657,0.490,0.812,2.008,-0.561,0.000
0.228,0.844,1.007,2.520,-0.974,1.000
3.892,-0.241,0.488,-0.127,-0.066,0.000
0.271,1.024,2.694,-0.854,0.656,0.000
3.287,0.432,0.511,0.700,-0.245,0.000
-0.158,1.356,2.289,-0.745,0.000,0.000
0.383,0.711,2.162,0.790,0.636,1.000
0.912,1.590,-0.280,-0.121,-0.067,0.000
0.375,1.797,0.708,0.401,0.000,0.000
0.908,0.772,1.949,1.827,-0.504,1.000
2.560,1.439,0.356,0.391,0.324,0.000
0.904,1.135,1.596,-0.505,0.859,1.000
1.903,0.797,0.211,0.146,-0.076,0.000
0.115,0.628,0.523,0.719,0.731,0.000
0.487,2.467,-0.428,-0.213,-0.121,0.000
0.704,0.988,1.688,1.480,-1.120,1.000
0.198,1.356,1.442,-0.491,-0.181,0.000
0.144,0.713,1.753,1.197,0.000,0.000
1.029,1.893,0.658,-0.432,1.155,0.000
1.906,-0.347,0.154,-0.090,0.071,0.000
-1.044,1.572,-0.923,-0.406,0.000,0.000
1.476,1.929,1.524,-0.300,-0.122,1.000
0.501,2.669,-0.603,0.308,-0.146,0.000
3.684,0.362,-0.100,-0.070,0.052,0.000
0.967,1.624,1.716,1.028,-0.406,1.000
0.284,1.945,1.864,0.609,0.000,0.000
0.258,0.378,1.122,1.364,-0.784,1.000
0.464,1.792,2.176,-0.517,-0.327,0.000
0.173,0.406,0.588,-0.594,0.000,0.000
1.121,1.599,0.512,0.329,-0.275,0.000
-0.090,0.559,1.184,2.327,-1.000,0.000
0.091,0.592,0.613,0.858,0.868,0.000
0.587,1.028,1.768,0.560,-0.322,0.000
0.176,0.472,1.928,-0.583,0.000,1.000
0.157,0.511,1.162,-0.406,0.342,1.000
0.736,2.022,-0.329,0.179,0.123,0.000
0.325,0.758,2.099,0.746,0.405,0.000
0.071,0.312,0.521,0.439,0.422,0.000
0.557,2.204,-0.467,0.348,-0.259,0.000
0.445,0.809,2.027,1.442,0.000,1.000
0.520,0.380,0.535,1.640,0.998,1.000
0.245,1.677,1.511,0.508,0.000,0.000
0.346,1.786,1.235,0.459,-0.209,0.000
0.413,1.597,2.578,-0.550,-0.304,0.000
0.288,1.589,2.961,-0.863,0.000,0.000
0.656,3.296,-0.554,0.722,0.378,1.000
0.359,0.566,1.358,0.719,0.838,0.000
0.295,0.966,1.560,-0.458,0.400,1.000
0.869,1.714,0.503,0.308,-0.296,0.000
0.697,1.505,1.004,-0.429,1.618,0.000
0.314,1.186,1.595,1.327,-0.623,1.000
0.983,1.849,-0.384,-0.181,-0.116,1.000
0.242,0.859,2.259,-0.688,0.000,0.000
1.295,2.849,-0.410,0.284,0.382,0.000
1.973,1.482,-0.319,0.222,-0.101,0.000
0.366,0.414,0.889,1.934,-0.584,0.000
0.204,0.417,0.705,1.823,1.688,1.000
0.495,2.202,-0.380,-0.156,-0.088,0.000
1.638,1.722,1.509,-0.338,-0.160,0.000
2.756,0.266,0.158,0.194,-0.063,0.000
0.509,1.904,1.168,-0.309,-0.273,1.000
0.161,0.685,0.912,2.073,0.000,1.000
-0.251,1.135,1.116,-0.517,-0.274,0.000
0.170,0.460,0.684,-0.740,0.000,0.000
0.231,1.136,2.493,-0.638,0.000,0.000
1.094,2.253,-0.441,0.330,0.929,0.000
0.079,0.274,0.403,1.157,1.638,0.000
2.035,1.726,0.717,-0.165,0.153,0.000
-0.085,0.562,0.929,0.957,-0.724,1.000
0.721,1.473,1.911,0.746,1.298,1.000
0.173,0.362,0.693,1.387,-0.804,1.000
2.072,0.268,-0.110,0.081,-0.082,0.000
0.544,2.494,1.148,1.169,-0.355,1.000
0.951,2.365,-0.493,-0.183,-0.101,1.000
0.565,1.954,1.013,-0.520,1.881,0.000
0.266,1.875,1.111,0.837,-0.380,0.000
0.184,0.813,1.764,1.109,0.000,0.000
0.702,2.288,1.742,-0.424,0.243,0.000
-0.165,-0.917,2.187,-0.856,-0.516,0.000
2.906,0.775,0.272,0.176,0.250,0.000
0.185,0.746,1.310,1.934,-0.782,1.000
0.137,0.714,1.350,0.972,-0.630,1.000
0.996,1.283,0.315,-0.108,0.078,0.000
0.567,0.511,1.018,1.577,-0.617,1.000
0.378,2.203,1.577,0.783,-0.340,0.000
2.063,0.377,0.143,0.108,0.100,0.000
0.348,0.602,2.488,-0.748,0.714,1.000
3.154,0.610,-0.149,-0.080,-0.049,0.000
0.371,1.254,1.560,0.698,-0.355,1.000
0.657,1.763,0.499,-0.173,0.000,0.000
0.623,2.432,-0.495,-0.203,0.186,0.000
0.178,0.767,1.783,1.268,0.000,0.000
1.033,1.105,-0.254,-0.101,0.000,0.000
3.542,0.562,0.413,-0.096,-0.055,0.000
1.091,2.127,-0.370,0.254,-0.152,0.000
0.249,0.964,2.085,1.071,0.000,1.000
0.674,2.695,0.917,0.309,0.184,0.000
0.365,1.946,-0.279,-0.137,-0.091,0.000
0.336,1.170,1.625,0.783,-0.390,0.000
0.531,2.105,-0.397,-0.201,-0.103,0.000
0.320,1.033,2.290,1.106,1.171,1.000
-0.144,1.292,2.605,-0.826,-0.474,0.000
0.535,0.876,1.788,-0.853,1.208,1.000
2.954,0.951,0.729,0.326,-0.126,0.000
1.825,2.402,-0.333,-0.143,-0.097,0.000
2.450,1.212,-0.162,-0.081,0.082,0.000
0.693,1.990,-0.310,0.179,-0.114,0.000
0.226,0.567,0.709,0.957,0.945,1.000
0.324,1.044,1.513,1.037,0.666,1.000
1.232,1.285,1.167,0.435,0.239,1.000
0.517,2.602,1.078,0.534,-0.177,0.000
0.595,2.984,-0.599,-0.252,-0.174,0.000
0.205,1.266,1.981,-0.874,0.000,0.000
0.499,1.066,1.695,0.682,0.402,0.000
1.200,1.449,1.806,-0.520,-0.191,1.000
1.482,1.502,0.527,0.413,-0.190,0.000
0.098,0.335,0.508,1.478,0.000,0.000
1.026,2.185,-0.539,0.206,0.252,0.000
-0.152,1.182,2.085,-0.991,0.000,0.000
0.780,1.520,1.042,1.115,1.255,1.000
-0.784,0.627,0.475,-0.183,-0.185,0.000
1.146,1.998,0.640,-0.189,-0.178,0.000
0.240,0.551,0.647,1.204,1.426,1.000
0.268,1.352,1.035,-0.332,0.217,0.000
0.174,0.727,1.782,1.152,-0.627,1.000
0.575,2.035,0.566,1.846,-0.496,0.000
0.104,0.356,0.453,1.809,-1.037,0.000
3.220,0.598,0.316,0.096,-0.052,0.000
1.265,2.212,-0.340,-0.167,0.337,0.000
-0.181,0.649,1.491,-0.833,-0.411,0.000
0.400,1.260,1.809,0.906,0.799,1.000
2.064,1.895,0.839,-0.229,0.164,0.000
2.391,0.639,-0.107,0.130,-0.053,0.000
0.228,1.380,1.297,0.535,-0.219,0.000
0.689,1.289,2.224,1.191,-0.418,1.000
0.121,0.268,0.467,-0.611,-1.052,0.000
0.403,-0.648,2.077,-0.693,0.832,1.000
0.219,1.263,0.836,0.971,0.568,1.000
0.522,0.539,1.575,1.194,1.138,1.000
0.195,1.464,1.667,0.714,-0.627,0.000
0.368,1.500,1.976,-0.459,-0.282,0.000
0.479,2.020,-0.350,0.220,-0.100,0.000
-0.114,1.272,2.177,-0.644,-0.360,0.000
0.294,1.074,0.746,1.111,-0.805,1.000
0.136,0.922,2.224,-0.738,-0.322,0.000
2.406,-0.220,0.216,0.198,-0.066,0.000
0.202,0.596,1.494,0.648,1.140,1.000
3.537,0.411,-0.117,-0.073,0.066,0.000
0.442,0.976,2.113,-0.532,-0.387,0.000
1.239,1.892,0.585,0.715,0.741,0.000
0.834,2.046,0.955,1.252,-0.456,1.000
2.035,1.325,0.513,0.373,-0.135,0.000
0.329,2.302,-0.432,0.322,-0.117,0.000
0.108,0.412,0.517,1.090,0.000,1.000
0.641,1.983,0.845,-0.238,-0.123,0.000
0.147,0.817,1.534,1.705,0.000,0.000
0.201,0.734,0.887,-0.340,1.240,1.000
0.735,3.150,-0.740,0.478,0.190,0.000
0.598,2.118,1.005,-0.487,1.555,0.000
0.355,1.816,2.572,-0.621,-0.272,0.000
0.934,3.018,-0.484,0.233,0.581,0.000
0.212,1.230,1.895,-0.561,0.000,0.000
0.763,3.172,-0.441,-0.194,-0.135,0.000
0.390,1.961,0.670,0.452,0.000,0.000
0.316,2.050,1.632,0.688,-0.285,0.000
2.544,0.780,0.363,0.243,0.533,0.000
2.999,0.473,-0.124,-0.072,-0.048,0.000
0.717,1.183,1.790,-0.473,-0.394,1.000
0.222,1.185,0.632,0.977,1.181,1.000
3.561,-0.277,0.179,-0.077,0.066,0.000
-0.107,-0.515,-0.666,-1.526,0.000,1.000
0.548,2.581,0.957,0.479,-0.201,0.000
1.392,1.958,0.902,0.615,1.069,1.000
3.119,-0.267,-0.101,-0.069,-0.059,0.000
0.998,2.334,-0.467,-0.223,-0.137,0.000
0.214,1.433,1.771,-0.542,0.000,0.000
0.408,0.563,1.687,1.186,-0.912,1.000
4.107,0.607,-0.107,-0.047,-0.033,0.000
2.329,0.794,0.311,-0.082,0.075,0.000
0.212,0.368,0.597,1.029,0.000,0.000
0.277,1.079,2.757,-0.688,0.000,0.000
0.151,1.008,2.353,-0.777,0.000,0.000
1.396,1.149,0.981,0.662,1.499,1.000
1.147,0.598,1.717,0.635,-0.248,1.000
0.598,2.389,0.797,0.305,0.190,0.000
1.620,1.209,1.446,0.716,0.837,1.000
0.079,0.389,0.324,0.427,0.000,0.000
0.157,0.514,0.792,1.520,1.984,0.000
1.251,0.944,-0.180,0.093,0.000,0.000
1.598,1.054,1.336,0.808,0.732,1.000
0.709,2.371,1.326,0.602,0.860,1.000
0.326,0.700,0.620,1.886,-0.972,1.000
0.213,0.510,0.977,1.266,1.975,1.000
0.133,0.503,1.141,0.981,0.826,0.000
1.203,1.319,0.321,0.196,0.163,0.000
0.348,0.808,0.610,0.932,1.497,1.000
2.697,-0.221,0.159,0.091,0.078,0.000
1.509,1.113,-0.166,-0.076,0.069,0.000
0.104,0.496,1.126,-0.401,-0.371,0.000
1.625,1.636,0.389,-0.134,0.125,0.000
0.227,0.303,0.590,1.548,0.964,1.000
0.738,1.981,-0.297,0.193,-0.118,0.000
0.279,0.990,2.555,-0.738,0.000,0.000
2.744,-0.224,0.171,0.098,0.074,0.000
-0.188,1.595,2.108,0.716,-0.332,0.000
0.597,3.028,-0.424,0.302,0.937,0.000
0.879,0.720,1.949,1.896,-0.520,1.000
0.934,2.115,1.777,-0.421,0.547,0.000
0.166,0.724,1.742,1.007,0.000,1.000
0.203,1.185,1.777,-0.600,0.000,0.000
0.369,1.313,1.405,-0.574,-0.313,1.000
0.399,0.824,2.574,-0.686,0.621,0.000
0.655,1.054,1.372,-0.724,1.770,1.000
1.246,2.402,-0.509,-0.180,0.000,0.000
0.286,0.602,2.168,1.210,0.553,0.000
0.521,3.176,-0.506,0.324,0.593,0.000
0.181,0.480,-0.852,1.305,-0.543,0.000
0.642,2.805,1.183,0.640,-0.220,0.000
1.532,1.411,0.457,0.280,-0.155,0.000
0.556,0.612,2.482,0.969,0.477,1.000
0.944,1.258,0.308,-0.109,0.072,0.000
0.490,0.722,-1.086,-0.999,-0.785,1.000
0.227,1.064,2.302,1.110,-0.354,0.000
0.512,0.870,-1.300,0.649,-0.324,1.000
0.755,1.187,0.829,1.122,0.604,1.000
0.149,0.536,0.941,1.808,-0.623,1.000
1.322,1.284,2.042,-0.441,-0.179,1.000
1.103,0.789,-0.123,0.075,-0.059,0.000
0.172,0.714,0.530,0.353,0.900,1.000
3.258,0.541,0.207,-0.170,0.648,0.000
3.097,0.575,0.228,0.275,-0.077,0.000
0.487,1.881,1.522,1.629,-0.476,1.000
0.165,0.588,0.705,1.854,0.000,1.000
1.877,2.205,-0.484,0.191,-0.116,0.000
3.429,0.898,-0.182,0.139,0.349,0.000
1.838,0.583,-0.084,0.091,0.062,0.000
2.686,-0.320,-0.113,-0.081,0.082,0.000
0.356,0.847,-1.823,-0.464,-0.294,0.000
2.255,1.117,0.414,0.448,-0.257,0.000
2.513,0.349,0.845,1.461,-0.371,0.000
1.481,1.502,0.527,0.413,-0.190,0.000
0.251,0.474,0.627,1.311,2.021,1.000
0.210,0.606,0.220,1.168,1.434,1.000
0.272,0.821,1.667,0.890,-0.377,1.000
1.207,1.576,-0.268,0.337,1.366,0.000
2.807,0.776,0.292,0.191,0.561,0.000
0.533,2.139,0.629,0.241,-0.100,0.000
0.228,0.460,1.628,1.282,0.712,0.000
0.947,1.114,0.333,-0.101,0.072,0.000
0.677,1.384,1.891,0.778,0.913,1.000
0.288,0.715,1.059,0.849,0.000,1.000
0.641,2.998,-0.526,-0.204,-0.144,0.000
0.501,3.293,-0.550,0.312,0.375,0.000
0.353,0.827,1.318,0.986,-0.473,1.000
0.374,1.254,1.206,0.576,-0.215,0.000
1.519,1.395,-0.232,0.133,-0.081,0.000
0.412,1.100,1.979,-0.533,-0.241,0.000
0.334,0.900,2.589,1.297,-0.544,0.000
0.062,0.230,0.244,0.579,0.000,0.000
0.271,0.544,0.439,1.434,0.851,1.000
0.144,0.875,1.999,1.127,-0.534,0.000
2.654,1.160,0.396,0.394,0.218,0.000
0.223,0.497,1.054,1.099,0.000,1.000
0.348,0.602,2.488,-0.748,0.714,1.000
0.146,0.532,0.866,1.360,-0.487,1.000
2.725,0.297,0.192,0.222,-0.084,0.000
0.231,1.780,1.658,0.697,0.361,0.000
0.385,2.497,0.684,0.532,-0.406,0.000
0.119,0.639,0.531,0.549,2.261,0.000
0.542,3.126,-0.557,1.004,-0.270,0.000
0.585,0.629,1.867,0.911,-0.407,1.000
1.052,2.559,-0.349,-0.147,0.173,0.000
0.178,1.103,1.556,-0.458,0.000,0.000
0.710,2.250,0.718,0.272,-0.117,0.000
0.251,1.413,2.024,-0.540,-0.505,0.000
0.278,2.076,0.841,1.383,-0.414,1.000
2.879,0.341,0.274,0.148,-0.076,0.000
3.459,0.478,-0.135,0.108,0.074,0.000
1.055,1.185,0.293,0.182,-0.141,0.000
2.441,1.090,-0.266,0.204,0.182,0.000
3.868,-0.331,-0.119,-0.066,-0.044,0.000
0.501,1.934,-0.390,-0.211,-0.100,0.000
0.816,0.855,0.197,0.084,0.085,0.000
0.717,1.937,0.963,-0.257,0.209,0.000
3.012,1.408,0.341,-0.123,-0.073,0.000
0.328,1.090,2.044,1.063,1.043,1.000
3.264,-0.306,-0.135,0.101,0.056,0.000
0.320,1.827,0.587,0.230,-0.133,0.000
1.517,1.410,-0.229,0.134,-0.080,0.000
0.165,1.257,2.274,-0.820,-0.350,0.000
2.321,0.483,0.174,0.106,0.105,0.000
0.327,1.581,0.726,0.274,0.000,0.000
0.212,1.237,0.848,1.092,-0.437,0.000
0.181,0.721,0.527,0.791,0.000,1.000
1.305,0.795,1.715,0.884,0.562,1.000
1.700,0.823,-0.409,1.830,-0.441,0.000
-0.073,-0.250,-0.445,1.539,-1.184,1.000
0.863,2.356,1.690,0.594,-0.184,1.000
0.378,1.681,1.887,1.017,0.937,0.000
0.066,0.295,0.345,-0.621,0.000,0.000
0.666,3.208,-0.503,-0.230,0.349,0.000
2.406,1.305,0.660,0.813,-0.241,0.000
1.490,1.435,-0.249,-0.095,0.091,0.000
0.270,1.134,1.964,-0.518,-0.235,0.000
2.981,0.333,0.158,-0.073,0.056,0.000
0.090,0.681,0.261,0.769,0.000,1.000
0.785,2.862,0.843,0.538,0.590,0.000
0.256,1.233,2.040,-0.547,-0.292,1.000
0.402,0.659,1.536,1.769,-0.693,1.000
0.158,0.281,0.389,1.072,1.464,0.000
0.763,1.929,0.466,0.255,-0.234,0.000
0.173,0.349,0.624,1.579,-1.115,1.000
1.663,1.214,-0.168,0.110,0.086,0.000
0.219,0.695,1.079,1.107,-0.635,1.000
2.318,0.281,1.688,-0.397,0.269,0.000
0.405,3.056,-0.609,-0.304,-0.271,0.000
0.155,0.799,1.515,1.596,0.000,0.000
1.247,2.310,-0.321,-0.157,0.245,0.000
3.466,0.481,-0.134,0.109,0.077,0.000
2.799,1.275,-0.243,0.725,-0.236,0.000
1.947,0.990,0.181,0.140,0.135,0.000
0.250,1.016,2.009,-0.493,-0.262,0.000
0.489,3.375,-0.550,0.611,-0.189,0.000
0.109,0.697,0.322,0.579,0.000,1.000
0.737,3.178,-0.741,0.437,0.186,0.000
0.532,3.369,-0.601,0.541,0.000,0.000
0.683,1.585,0.878,-0.395,1.720,0.000
0.204,1.385,1.795,-0.612,-0.283,0.000
-0.202,2.328,0.991,0.592,0.000,0.000
3.698,0.437,-0.109,-0.082,-0.042,0.000
0.370,0.810,0.888,1.628,-1.039,1.000
1.840,-0.254,0.246,0.153,-0.101,0.000
1.017,2.179,1.284,0.816,-0.228,0.000
0.474,1.093,1.336,0.697,-0.376,1.000
3.218,-0.364,-0.131,0.094,-0.072,0.000
0.178,1.152,1.846,-0.477,-0.201,0.000
3.414,-0.243,0.187,-0.081,0.082,0.000
0.377,2.417,-0.479,0.328,0.000,0.000
0.239,0.618,2.516,0.937,0.418,0.000
0.834,2.730,-0.450,-0.190,-0.123,0.000
0.459,1.882,-0.370,-0.157,-0.102,0.000
0.411,1.046,0.669,0.982,-0.332,1.000
0.253,0.406,0.468,1.568,1.673,0.000
1.542,0.721,-0.098,-0.051,0.052,0.000
0.574,0.970,1.125,1.160,1.802,1.000
0.127,0.732,0.356,1.236,0.000,1.000
0.096,0.337,0.513,1.485,0.000,0.000
0.187,0.518,0.709,-0.783,1.877,0.000
0.343,1.650,2.263,-0.612,0.000,0.000
1.392,1.632,-0.259,-0.102,0.090,0.000
-0.089,1.333,-0.289,0.746,-0.266,0.000
1.047,2.589,-0.447,-0.277,0.942,0.000
0.275,1.133,1.375,-0.478,0.000,0.000
0.835,1.896,-0.387,-0.144,0.000,0.000
0.344,1.503,0.948,-0.319,0.459,0.000
0.764,2.524,0.915,-0.320,-0.179,0.000
0.403,3.743,-0.784,-0.361,0.000,0.000
1.038,1.656,0.949,0.371,0.632,0.000
0.219,1.279,2.585,-0.599,0.462,0.000
0.636,0.675,1.915,1.531,0.725,1.000
1.404,2.192,-0.376,0.249,0.188,0.000
1.918,1.214,0.261,0.114,-0.067,0.000
0.201,0.892,0.909,1.008,-0.476,1.000
0.479,2.502,-0.599,0.323,-0.150,0.000
0.248,0.947,2.060,-0.911,1.519,1.000
0.596,0.187,1.576,0.863,-0.569,1.000
2.429,0.968,0.646,1.022,-0.311,0.000
1.053,0.573,1.926,1.495,-0.636,1.000
2.102,0.355,-0.092,0.095,-0.047,0.000
2.209,1.314,0.443,0.529,0.745,0.000
0.580,3.166,-0.617,0.386,-0.173,0.000
2.019,0.887,0.359,0.312,1.019,0.000
0.917,2.238,-0.446,0.247,-0.135,0.000
0.417,1.500,-0.407,-0.153,-0.103,0.000
2.822,0.316,-0.097,0.091,-0.062,0.000
3.381,0.566,0.220,0.202,0.565,0.000
1.678,1.266,0.522,0.394,-0.206,0.000
0.529,3.296,-0.577,0.887,-0.272,0.000
0.996,2.348,-0.410,-0.202,0.000,0.000
1.152,2.062,0.808,1.290,-0.369,0.000
0.319,1.231,0.761,1.386,-0.735,1.000
0.087,0.302,0.304,0.535,0.000,0.000
0.131,0.858,1.839,-0.834,-0.411,0.000
0.328,0.765,2.081,0.818,-0.350,0.000
3.097,0.575,0.228,0.275,-0.078,0.000
0.288,1.596,0.960,0.413,-0.174,0.000
0.317,1.119,2.004,-0.864,0.000,1.000
1.274,1.307,-0.225,-0.079,-0.059,0.000
0.124,0.426,0.948,0.710,0.000,1.000
0.125,0.295,0.459,0.620,-0.960,0.000
0.608,1.520,-0.344,-0.129,-0.074,0.000
0.597,1.132,1.895,-0.601,-0.231,1.000
0.361,2.265,1.085,0.677,-0.341,0.000
0.505,0.534,2.077,-0.799,0.000,1.000
0.978,0.816,1.927,-0.591,0.989,1.000
0.253,1.317,1.506,-0.454,-0.214,0.000
1.000,1.739,0.890,0.369,-0.599,0.000
0.335,0.809,0.806,0.954,0.865,1.000
0.251,1.020,2.104,-0.668,-0.246,0.000
0.530,1.900,2.119,-0.474,-0.298,0.000
0.423,0.607,1.774,0.993,1.777,1.000
0.426,1.016,0.800,1.009,-0.356,1.000
0.564,1.168,1.752,-0.494,-0.229,1.000
0.456,2.494,1.208,0.836,0.000,0.000
1.237,0.948,-0.251,0.103,-0.060,0.000
0.420,2.529,-0.399,0.237,-0.162,0.000
0.885,2.870,-0.414,-0.173,-0.117,0.000
1.400,1.535,0.360,0.265,0.143,0.000
1.021,0.494,1.730,0.887,-0.244,1.000
0.100,0.405,0.580,0.849,0.939,0.000
0.339,1.547,1.298,-0.443,0.000,0.000
2.909,0.745,-0.168,0.265,-0.092,0.000
0.350,1.191,0.628,-0.277,-0.122,0.000
1.334,1.060,1.236,1.109,0.682,0.000
0.595,1.653,-0.345,0.205,-0.084,0.000
0.939,1.400,1.587,1.303,-0.455,1.000
2.126,1.611,1.019,-0.300,-0.126,0.000
0.443,0.990,1.752,0.943,0.927,1.000
2.236,1.288,0.450,0.442,-0.230,0.000
0.836,2.098,0.519,0.290,-0.207,0.000
0.282,1.080,2.744,-0.726,0.000,0.000
3.343,-0.280,-0.102,0.077,-0.052,0.000
0.241,1.841,-0.429,0.379,-0.141,0.000
0.336,1.536,2.010,-0.623,-0.394,0.000
0.120,0.715,0.427,0.846,0.000,1.000
0.485,1.094,2.292,1.109,0.992,1.000
0.502,2.169,0.845,-0.253,-0.158,0.000
0.254,1.347,-0.268,-0.318,0.438,0.000
0.345,0.931,1.287,1.046,0.381,1.000
0.229,2.527,-0.580,0.246,0.162,0.000
0.393,1.401,1.688,1.137,-0.451,1.000
0.455,1.412,2.148,1.310,-0.515,1.000
1.415,1.529,-0.248,-0.101,0.092,0.000
0.847,1.717,0.516,0.312,-0.322,0.000
0.582,1.276,1.749,1.478,-0.400,1.000
0.250,1.051,2.859,-0.724,0.000,0.000
0.291,0.858,1.770,0.806,0.509,0.000
0.138,0.361,0.526,1.951,-0.665,0.000
0.271,0.811,0.913,2.122,0.000,1.000
0.447,1.028,1.955,-0.764,-0.406,0.000
0.218,0.331,0.468,1.110,1.845,1.000
0.959,2.302,1.197,0.369,-0.176,1.000
0.675,0.849,1.785,0.753,0.385,0.000
0.586,2.408,-0.620,-0.267,-0.166,0.000
0.729,2.246,-0.346,-0.176,-0.113,0.000
0.409,3.187,-0.635,0.427,-0.187,0.000
0.683,1.423,-0.355,-0.169,-0.257,0.000
1.796,0.858,0.313,0.189,-0.131,0.000
0.232,0.770,1.629,0.881,-0.400,1.000
0.535,2.167,0.702,0.414,-0.364,0.000
0.921,0.872,-0.178,-0.082,-0.075,0.000
3.067,-0.270,0.438,0.210,-0.082,0.000
0.593,2.737,0.856,-0.336,1.173,0.000
0.249,1.423,1.518,-0.459,-0.233,0.000
1.517,1.186,0.444,0.248,-0.180,0.000
0.538,1.064,1.516,-0.309,0.187,0.000
0.465,0.499,2.231,0.939,0.589,1.000
0.927,2.496,1.039,0.798,-0.242,1.000
0.290,1.224,2.774,-0.656,-0.308,0.000
0.226,0.609,0.580,1.347,0.000,1.000
0.105,0.594,0.326,-0.808,0.000,1.000
-0.195,-0.895,1.893,-0.988,0.000,0.000
0.313,1.268,2.852,-0.841,-0.445,0.000
1.706,2.230,-0.347,0.568,0.504,0.000
0.286,1.034,2.500,-0.732,0.000,0.000
3.360,0.643,0.342,0.697,-0.178,0.000
0.270,0.667,1.827,1.038,-0.456,0.000
0.383,2.973,-0.529,-0.241,-0.153,0.000
2.518,0.929,0.450,0.931,0.439,0.000
0.210,0.822,2.420,1.258,1.277,1.000
0.337,1.780,2.348,-0.639,-0.286,0.000
0.579,3.262,-0.709,-0.285,-0.211,0.000
0.509,0.399,0.665,-0.156,0.000,0.000
0.304,0.561,1.215,0.762,0.000,1.000
-0.235,-0.709,-1.258,-1.135,-0.580,1.000
3.580,0.496,0.327,0.344,-0.119,0.000
0.245,2.125,1.012,0.494,-0.247,0.000
0.962,2.006,-0.386,-0.173,-0.111,0.000
0.114,0.465,0.749,0.635,0.000,1.000
2.287,-0.234,0.215,0.176,-0.085,0.000
0.973,2.317,-0.460,1.452,-0.404,0.000
0.795,0.861,1.896,1.715,0.000,1.000
0.431,0.628,1.293,1.116,2.116,1.000
0.172,0.953,2.051,-0.777,-0.572,0.000
0.431,0.475,1.736,1.339,1.742,1.000
0.453,1.694,1.490,0.667,0.000,0.000
0.642,2.501,0.739,0.526,-0.199,0.000
0.321,0.648,0.388,1.075,0.000,1.000
0.636,0.800,1.945,0.737,0.362,0.000
0.148,1.480,1.646,0.754,0.000,0.000
0.579,2.812,0.757,0.495,0.699,1.000
1.946,1.190,0.265,0.111,-0.065,0.000
0.195,0.419,1.900,1.248,1.470,1.000
0.172,0.474,2.067,0.750,-0.702,1.000
1.687,1.914,-0.315,-0.148,-0.101,0.000
0.720,1.788,-0.475,-0.227,0.303,0.000
0.936,2.178,1.747,-0.368,-0.145,0.000
0.154,0.339,0.454,-0.625,1.840,0.000
0.833,2.441,1.525,0.436,-0.162,1.000
1.353,3.078,0.872,0.348,0.000,0.000
0.371,0.961,2.531,-0.704,-0.379,0.000
0.200,0.666,0.749,-0.366,1.391,1.000
0.122,0.573,1.393,2.191,0.000,0.000
0.567,0.510,1.018,1.576,-0.617,1.000
0.250,0.500,2.194,0.831,0.616,0.000
0.265,1.678,0.806,0.324,0.158,0.000
0.435,2.408,1.477,0.701,0.000,0.000
0.452,2.425,1.323,0.685,0.000,0.000
0.147,0.851,1.499,2.585,-0.996,0.000
0.245,1.495,1.543,0.718,-0.400,0.000
3.108,-0.295,-0.104,-0.073,-0.053,0.000
0.737,2.504,-0.467,0.255,-0.257,0.000
0.907,1.536,-0.369,-0.114,0.000,0.000
0.257,1.182,2.417,-0.700,1.290,0.000
1.722,0.517,2.304,-0.480,-0.191,0.000
1.487,1.568,1.605,-0.261,-0.131,0.000
0.147,0.625,0.666,0.870,-0.562,1.000
1.313,1.232,0.433,0.375,-0.391,0.000
0.225,0.618,1.494,0.633,1.451,1.000
0.326,2.129,-0.537,0.353,0.000,0.000
0.812,3.116,-0.483,0.786,-0.227,0.000
2.898,-0.254,0.120,0.135,-0.060,0.000
0.134,0.329,0.443,1.537,1.551,0.000
0.383,1.876,0.687,0.306,0.000,0.000
0.542,1.011,1.810,0.796,1.370,1.000
0.121,0.582,1.368,2.225,0.000,0.000
2.203,0.377,-0.094,0.067,0.048,0.000
0.442,2.439,-0.453,-0.226,-0.117,0.000
0.365,0.882,1.195,1.149,0.780,1.000
0.252,0.619,2.605,1.360,1.060,1.000
0.554,0.219,1.588,0.873,-0.602,1.000
1.104,2.591,-0.380,-0.208,0.133,0.000
2.173,1.246,-0.185,0.192,-0.071,0.000
0.886,1.555,2.311,-0.560,-0.228,1.000
0.541,0.493,0.741,1.654,-0.626,1.000
1.078,2.567,-0.399,-0.188,-0.122,0.000
0.313,1.214,0.800,1.077,0.748,1.000
0.539,2.177,2.151,-0.598,-0.311,0.000
0.539,0.653,2.008,0.620,0.753,1.000
0.626,2.317,0.766,0.411,-0.305,0.000
0.340,2.160,-0.488,0.361,0.000,0.000
1.125,1.966,-0.354,-0.130,0.135,0.000
1.914,2.572,-0.413,0.373,-0.166,0.000
0.665,2.971,-0.438,0.257,-0.125,0.000
2.667,0.330,0.189,0.226,-0.080,0.000
0.996,1.174,0.778,0.324,0.223,0.000
-0.059,0.345,0.581,-0.648,-1.246,0.000
0.936,2.357,1.622,0.519,-0.174,1.000
0.604,1.316,1.722,0.669,1.196,1.000
0.087,0.425,1.102,1.916,0.000,0.000
1.894,0.463,0.430,0.257,0.292,0.000
0.384,1.323,-1.087,-0.618,-0.488,1.000
3.393,0.377,-0.111,-0.077,-0.055,0.000
0.248,0.601,0.681,0.993,1.200,1.000
0.307,1.272,2.656,-0.946,-0.467,0.000
0.252,0.687,0.823,1.845,0.000,1.000
-0.095,-0.390,-0.636,1.812,0.000,1.000
0.583,2.523,0.658,0.295,0.246,0.000
0.311,2.639,-0.463,-0.193,-0.265,0.000
0.515,1.152,0.964,1.276,1.732,1.000
0.352,1.531,1.810,0.970,1.126,0.000
2.437,1.018,-0.281,0.182,0.200,0.000
1.351,2.481,1.044,0.572,-0.183,0.000
0.524,2.158,1.940,0.695,0.653,0.000
0.348,0.918,2.355,1.037,0.421,0.000
0.472,3.394,-0.518,0.625,-0.199,0.000
0.099,0.789,-0.833,1.781,-0.602,1.000
0.461,0.585,1.306,1.773,-0.505,0.000
1.178,0.625,1.634,0.618,0.273,1.000
1.781,1.570,-0.209,-0.115,0.086,0.000
1.746,1.608,-0.257,-0.123,-0.071,0.000
0.306,1.124,0.888,1.904,-0.735,1.000
0.280,0.619,0.735,0.937,0.000,1.000
1.509,1.557,0.482,0.283,-0.169,0.000
0.058,0.207,-0.126,-0.348,1.112,0.000
0.234,0.973,2.176,1.023,-0.353,0.000
1.084,1.697,-0.298,0.185,-0.102,0.000
0.959,1.399,-0.252,-0.100,-0.055,0.000
0.562,0.458,1.509,0.664,0.622,1.000
0.455,0.842,1.864,-0.622,1.512,1.000
-0.081,-0.263,-0.581,-0.581,1.145,1.000
0.494,2.442,-0.442,0.233,-0.134,0.000
0.402,2.483,-0.606,-0.239,0.203,0.000
0.183,1.414,2.471,-0.728,0.000,0.000
-0.174,1.629,1.450,0.648,0.387,0.000
0.339,0.519,1.950,1.181,0.563,0.000
1.007,2.845,-0.424,0.422,0.617,0.000
0.125,0.548,0.795,0.836,0.000,1.000
3.597,0.630,0.352,0.407,-0.137,0.000
0.152,0.582,0.581,1.101,-0.482,1.000
0.167,0.364,0.556,0.324,0.804,0.000
0.301,1.011,2.416,-0.696,0.379,0.000
0.139,0.838,2.266,-0.714,-0.610,0.000
0.520,2.213,1.208,0.417,-0.195,0.000
0.103,0.435,0.622,1.844,-0.797,1.000
0.716,2.804,1.443,-0.436,-0.201,0.000
0.354,1.334,1.982,-0.700,0.000,0.000
1.499,0.690,-0.089,-0.053,0.039,0.000
0.899,2.960,-0.474,-0.203,-0.144,0.000
0.789,2.739,-0.550,1.265,-0.318,0.000
0.242,1.661,1.102,0.400,-0.164,0.000
0.785,2.821,1.234,0.699,0.367,1.000
0.308,1.214,0.546,0.307,0.000,0.000
2.911,0.613,0.201,0.093,0.079,0.000
0.363,0.802,1.001,1.568,-0.936,1.000
0.095,0.413,0.818,1.258,0.000,0.000
1.210,1.967,1.315,0.986,-0.323,1.000
0.198,0.639,1.029,0.671,1.312,1.000
0.692,2.444,-0.529,-0.199,0.000,0.000
0.433,2.880,0.945,0.650,-0.230,1.000
0.266,1.229,2.271,0.879,-0.326,0.000
0.384,0.852,0.760,1.245,0.000,1.000
0.474,1.277,2.454,-0.761,0.791,1.000
1.064,-1.011,-0.546,1.599,-0.583,0.000
2.833,0.582,-0.131,0.178,0.105,0.000
0.302,0.915,2.528,-0.668,-0.520,1.000
0.348,1.079,1.385,1.109,0.688,1.000
0.425,3.034,-0.423,-0.182,0.178,0.000
0.159,1.123,1.377,-0.459,-0.178,0.000
1.469,1.318,1.680,-0.469,-0.167,1.000
0.653,2.511,-0.388,0.247,-0.266,0.000
0.352,1.119,1.644,-0.634,-0.324,1.000
-0.139,0.499,0.678,1.597,-1.029,1.000
0.152,0.631,1.342,2.041,0.000,0.000
0.167,0.402,0.467,-0.607,1.807,0.000
0.273,1.030,1.515,0.792,0.411,0.000
0.643,1.066,2.150,1.371,-0.557,1.000
0.674,1.174,1.718,0.622,-0.205,0.000
-0.134,1.057,2.379,-0.822,0.000,0.000
0.842,2.641,-0.460,0.229,-0.123,0.000
0.172,0.391,0.640,1.694,0.000,0.000
1.029,1.651,1.821,0.625,-0.207,1.000
0.683,-1.082,1.528,-0.873,-0.347,1.000
1.859,0.810,0.183,0.158,0.160,0.000
3.750,-0.256,0.240,0.194,-0.071,0.000
0.130,0.560,1.377,1.336,-0.430,0.000
0.166,0.873,2.163,-0.837,-0.398,0.000
0.714,2.658,-0.467,0.246,-0.159,0.000
2.956,0.360,1.436,-0.266,-0.128,0.000
0.085,0.356,0.443,1.604,-0.792,0.000
-0.184,0.485,-0.671,-0.982,0.000,1.000
-0.632,-0.881,-0.966,-0.868,-0.486,1.000
0.104,0.945,0.432,0.783,1.091,0.000
0.493,2.223,1.209,1.384,-0.442,1.000
1.942,0.607,0.137,0.203,-0.139,0.000
2.889,0.336,-0.111,-0.075,0.070,0.000
0.150,0.408,0.536,2.115,-0.833,0.000
2.427,0.253,0.514,1.242,-0.393,0.000
1.371,0.965,0.751,0.638,0.325,1.000
0.305,0.921,1.172,2.318,-0.814,1.000
2.815,0.989,0.485,0.537,0.408,0.000
0.891,0.909,1.041,0.848,-0.230,1.000
0.601,1.861,-0.414,-0.225,0.000,0.000
0.099,0.466,1.088,1.861,0.000,0.000
2.840,1.351,0.360,0.679,-0.160,0.000
1.446,2.873,-0.521,-0.174,-0.115,0.000
0.558,0.474,2.098,0.861,1.547,1.000
0.816,1.456,0.507,-0.189,0.000,0.000
0.701,2.062,-0.513,-0.242,-0.126,0.000
2.555,-0.242,0.209,0.188,-0.095,0.000
0.185,1.416,2.055,0.872,0.000,0.000
0.517,1.118,2.514,1.132,-0.358,1.000
0.311,1.493,0.423,0.304,-0.113,0.000
0.193,0.788,0.794,1.370,0.000,0.000
0.486,2.345,1.508,0.674,0.000,0.000
0.236,0.995,0.492,0.489,0.525,0.000
-0.307,-1.153,-0.601,-0.277,-0.151,0.000
3.009,0.349,1.192,-0.276,-0.115,0.000
0.119,0.604,0.831,2.457,-0.836,0.000
0.234,0.480,1.111,-0.947,2.373,1.000
1.117,2.550,-0.458,-0.222,-0.135,0.000
0.239,0.753,-0.972,1.907,0.000,1.000
1.031,0.584,1.866,1.532,-0.672,1.000
1.181,1.305,0.700,1.809,-0.498,0.000
0.135,0.484,0.626,2.007,0.000,0.000
1.227,1.634,-0.298,0.183,-0.093,0.000
0.659,1.461,1.744,0.666,-0.268,0.000
0.371,2.963,-0.437,1.227,-0.389,1.000
0.530,2.976,-0.610,0.683,0.671,0.000
0.296,0.584,0.554,1.044,1.251,1.000
0.543,0.509,1.485,1.332,1.757,1.000
0.216,0.796,0.792,1.752,0.000,1.000
0.436,3.270,-0.513,0.338,0.678,0.000
1.092,2.369,-0.402,-0.383,0.898,0.000
0.639,3.100,-0.462,-0.186,-0.127,0.000
0.234,1.108,1.884,-0.552,0.000,0.000
0.367,1.673,-0.402,-0.351,0.624,1.000
1.284,1.710,-0.321,0.249,-0.181,0.000
0.102,0.564,0.579,-0.965,0.000,0.000
0.119,0.654,0.257,0.404,0.873,1.000
-0.668,-0.709,-0.391,-0.143,-0.089,0.000
0.204,0.527,0.407,1.660,-0.714,1.000
0.699,1.203,1.834,0.804,0.999,1.000
1.093,1.612,-0.366,0.528,0.511,0.000
0.259,1.255,2.004,-0.496,-0.265,1.000
0.126,0.732,2.170,0.872,-0.346,0.000
0.158,0.825,1.925,-0.892,-0.400,0.000
0.479,3.332,-0.631,-0.292,-0.152,0.000
0.181,1.132,2.038,-0.560,0.000,0.000
0.276,1.107,2.229,1.180,0.000,0.000
1.790,1.505,-0.213,-0.115,0.088,0.000
1.580,1.639,0.709,0.280,0.357,0.000
2.240,-0.237,0.416,1.551,-0.454,0.000
0.084,0.410,0.827,0.671,0.478,0.000
0.570,1.372,1.336,0.604,1.309,0.000
0.193,2.092,1.050,-0.462,0.000,0.000
0.229,0.998,2.236,-0.651,-0.296,0.000
0.609,0.630,1.411,0.539,-0.389,1.000
3.347,0.482,0.237,0.666,-0.180,0.000
0.293,1.714,0.461,0.220,-0.097,0.000
0.213,0.325,0.700,1.941,1.284,1.000
1.472,1.773,-0.347,-0.123,-0.077,0.000
0.269,1.522,1.144,-0.469,0.338,0.000
0.170,0.986,2.489,-0.633,0.000,0.000
0.741,1.431,0.979,0.473,0.233,0.000
2.631,0.604,-0.120,0.098,-0.061,0.000
3.065,-0.264,-0.112,-0.067,-0.050,0.000
0.384,0.425,1.900,1.008,-0.408,1.000
1.932,0.888,-0.324,0.439,-0.329,0.000
0.608,2.771,-0.436,0.249,-0.268,0.000
0.726,1.023,0.354,-0.100,0.069,0.000
1.305,1.404,-0.301,-0.152,-0.109,0.000
0.486,2.458,-0.453,-0.202,0.000,0.000
0.563,2.583,-0.387,-0.170,-0.124,0.000
-0.166,-0.780,-1.110,-0.493,0.000,0.000
3.052,0.536,0.240,-0.165,0.480,0.000
2.971,0.480,1.235,-0.285,-0.114,0.000
0.600,1.405,2.477,-0.701,-0.272,1.000
0.072,1.116,-0.282,0.624,-0.243,0.000
0.195,0.454,0.768,0.713,0.720,1.000
0.310,0.953,1.540,1.066,-0.639,1.000
0.207,0.532,0.667,1.250,2.511,0.000
2.555,-0.242,0.208,0.188,-0.095,0.000
0.200,0.591,1.458,0.632,1.286,1.000
0.121,0.325,0.328,0.874,1.973,0.000
3.273,0.301,1.169,-0.223,-0.084,0.000
1.201,1.655,1.100,0.458,-0.223,1.000
1.945,1.221,1.189,1.071,-0.285,0.000
1.362,1.300,0.486,0.385,-0.276,0.000
2.534,0.267,0.133,0.160,-0.065,0.000
0.182,0.933,2.414,0.965,-0.410,0.000
0.869,2.037,-0.464,-0.176,-0.103,0.000
0.962,1.664,1.233,-0.710,1.043,1.000
0.247,0.645,0.797,1.719,0.977,0.000
0.530,0.257,1.625,0.905,-0.513,1.000
0.569,0.908,2.019,-0.531,-0.226,1.000
0.337,1.325,1.531,0.701,-0.457,1.000
0.617,1.621,1.972,-0.600,-0.258,1.000
0.289,1.059,1.928,-0.874,1.442,1.000
3.530,-0.271,0.181,-0.078,0.071,0.000
0.439,0.896,1.934,0.769,0.000,1.000
-0.072,0.661,1.134,1.246,0.760,1.000
0.584,1.796,1.607,1.431,-0.338,1.000
-0.426,-0.741,1.046,-0.530,-0.320,1.000
0.365,0.624,1.886,0.956,-0.393,0.000
-0.193,2.404,0.942,0.491,0.000,0.000
0.187,0.474,0.548,0.996,0.000,1.000
0.578,2.614,0.866,0.512,1.169,0.000
0.191,0.787,1.295,1.728,-0.619,1.000
2.023,1.543,-0.380,0.199,-0.128,0.000
0.976,2.689,0.747,0.853,-0.263,0.000
0.111,0.299,0.404,0.694,0.000,0.000
1.013,2.310,1.406,0.748,-0.207,1.000
0.519,2.023,1.445,0.649,0.000,0.000
0.345,2.885,-0.651,0.618,1.117,0.000
0.267,1.344,0.978,0.492,-0.160,0.000
-0.091,0.514,0.864,0.766,0.643,1.000
0.572,2.888,-0.527,0.836,-0.365,1.000
0.379,2.850,0.735,0.557,1.132,0.000
0.340,0.664,2.174,1.207,1.763,1.000
0.567,2.412,1.066,1.286,-0.362,1.000
0.112,0.598,1.302,2.198,-0.826,0.000
0.321,1.232,1.665,2.405,-0.653,1.000
0.665,2.972,-0.438,0.256,-0.126,0.000
1.118,2.528,-0.347,-0.151,0.189,0.000
0.216,0.336,0.652,1.634,1.030,1.000
3.359,0.476,1.096,-0.264,-0.097,0.000
0.199,0.584,1.436,0.621,1.315,1.000
0.643,1.634,-0.268,-0.141,0.000,0.000
0.200,0.506,0.833,0.837,0.000,1.000
0.249,0.468,1.136,-1.116,2.319,1.000
0.709,1.759,0.786,-0.405,1.618,0.000
0.145,0.332,0.467,-0.794,0.000,0.000
0.477,3.228,-0.618,-0.288,-0.154,0.000
0.218,1.463,1.531,-0.523,0.000,0.000
1.101,3.092,-0.626,0.280,0.162,0.000
0.647,0.860,1.755,0.993,1.422,1.000
1.765,1.217,-0.227,0.195,0.164,0.000
1.108,1.630,0.420,-0.320,1.796,0.000
0.127,0.705,1.639,2.190,0.000,0.000
0.886,2.959,-0.421,-0.184,-0.124,0.000
0.516,1.952,1.204,-0.345,-0.176,0.000
0.452,2.261,1.267,0.717,-0.245,0.000
0.351,0.607,2.578,0.819,0.353,0.000
0.339,0.933,1.327,-0.334,-0.194,0.000
0.186,1.411,1.129,0.649,0.000,0.000
0.538,0.834,2.371,-0.720,0.730,1.000
0.976,0.774,-0.182,-0.091,0.111,0.000
-0.109,1.071,1.948,-0.623,-0.391,0.000
0.960,0.712,-0.143,0.091,-0.061,0.000
0.284,0.742,1.263,1.047,-0.379,1.000
2.459,0.293,0.129,0.075,0.061,0.000
0.376,1.330,2.043,0.818,0.969,1.000
0.920,1.144,2.172,0.776,0.471,1.000
0.413,1.824,1.100,0.434,-0.262,0.000
0.439,2.040,0.663,0.454,0.000,0.000
0.653,1.061,2.321,1.546,-0.401,1.000
0.830,3.041,-0.569,0.547,0.288,0.000
1.317,0.820,1.560,1.641,-0.503,1.000
0.440,0.728,0.847,1.453,-0.995,1.000
2.648,0.638,-0.146,0.080,-0.035,0.000
2.815,0.729,-0.147,0.220,-0.088,0.000
0.495,2.940,-0.701,0.400,-0.160,0.000
1.195,-0.837,-0.266,0.144,-0.086,0.000
0.141,0.297,0.561,1.412,1.812,1.000
1.411,2.010,-0.329,-0.128,0.120,0.000
3.115,0.571,0.235,-0.074,-0.043,0.000
-0.115,0.482,-0.579,-0.875,0.000,1.000
0.426,0.754,1.966,0.915,1.399,1.000
3.246,0.823,-0.159,0.086,-0.076,0.000
1.160,1.236,-0.238,-0.093,-0.058,0.000
0.736,2.360,0.522,1.439,-0.341,0.000
0.716,3.174,-0.412,-0.232,0.504,0.000
0.175,0.412,0.370,1.379,-0.728,1.000
0.443,0.705,0.759,1.270,0.920,1.000
0.418,0.580,1.723,1.108,-0.776,1.000
0.409,0.648,1.572,2.168,-0.728,1.000
0.139,0.582,0.517,-0.638,0.000,1.000
1.939,1.416,-0.238,0.139,-0.077,0.000
0.340,1.797,2.403,-0.652,-0.289,0.000
0.507,1.163,0.873,0.814,-0.730,1.000
0.253,1.877,-0.412,0.262,-0.106,0.000
1.271,1.743,-0.315,-0.404,1.494,0.000
0.486,1.584,1.699,-0.480,-0.233,0.000
0.273,1.057,1.926,1.731,0.000,0.000
0.350,1.186,2.138,-0.584,-0.272,0.000
0.242,0.533,0.693,1.327,-0.668,1.000
0.215,0.611,1.407,-0.446,0.477,1.000
1.645,0.996,0.502,-0.137,-0.052,0.000
0.972,1.955,-0.449,0.295,0.271,0.000
0.280,0.859,2.111,1.339,1.170,1.000
0.296,2.031,1.457,0.737,-0.317,0.000
1.766,1.457,0.509,0.270,0.797,0.000
0.883,0.543,1.275,2.209,0.691,0.000
0.142,1.051,1.960,-0.564,0.000,0.000
2.582,0.470,-0.132,-0.076,0.119,0.000
1.127,2.254,-0.299,0.172,-0.160,0.000
0.178,0.698,0.508,0.776,0.000,1.000
0.236,0.772,2.184,-0.608,0.365,1.000
0.987,2.400,-0.491,-0.164,-0.109,0.000
1.169,2.579,-0.529,0.724,0.488,0.000
0.449,1.903,-0.309,0.223,-0.090,0.000
0.794,1.828,0.782,0.201,0.120,0.000
0.716,1.750,0.852,0.226,0.132,0.000
0.836,1.403,-0.260,-0.336,2.016,0.000
1.041,2.600,-0.384,-0.157,-0.107,0.000
0.096,0.610,0.542,0.591,0.749,0.000
3.341,-0.275,-0.106,-0.069,-0.051,0.000
0.482,0.917,1.435,-0.835,-0.762,1.000
1.471,1.344,0.444,0.155,-0.226,0.000
2.254,1.491,0.895,0.624,-0.185,0.000
1.549,2.370,-0.361,0.215,0.596,0.000
0.120,0.380,0.413,0.997,0.000,0.000
1.422,2.280,-0.554,-0.210,0.114,0.000
0.308,0.943,1.352,-0.387,-0.234,0.000
2.696,-0.220,0.158,0.090,0.078,0.000
0.560,2.190,1.354,-0.512,-0.224,0.000
0.154,0.388,0.555,2.153,-0.829,0.000
2.996,0.619,0.134,-0.067,-0.032,0.000
1.383,0.790,2.558,-0.547,-0.257,1.000
0.273,2.018,1.768,0.697,0.000,0.000
0.367,1.526,1.570,1.010,1.050,0.000
0.183,0.928,2.273,0.965,0.000,0.000
0.319,2.535,-0.471,0.428,-0.146,0.000
1.022,1.607,-0.248,-0.109,0.110,0.000
0.126,0.680,0.408,0.754,1.240,1.000
0.207,0.799,1.264,2.152,-0.641,0.000
0.160,0.468,0.480,0.798,0.000,0.000
0.279,1.373,1.137,0.453,0.000,0.000
0.189,1.169,1.420,-0.406,0.000,0.000
-0.147,1.393,1.573,-0.543,0.000,0.000
0.806,1.226,1.880,1.044,0.721,1.000
0.174,0.619,1.468,1.262,0.000,0.000
0.321,1.523,2.036,-0.577,-0.398,0.000
0.203,1.211,1.850,-0.578,-0.233,0.000
0.965,2.664,-0.422,1.123,-0.381,0.000
1.047,2.068,1.532,-0.297,-0.138,1.000
0.287,0.816,1.133,1.041,0.354,1.000
0.159,1.248,1.135,-0.353,0.000,0.000
0.958,1.627,-0.302,0.193,-0.089,0.000
0.089,0.322,0.591,0.521,-0.299,1.000
0.403,0.391,1.954,1.141,-0.683,1.000
0.055,0.205,0.200,0.486,1.356,0.000
0.817,1.094,-0.228,0.143,-0.098,0.000
0.109,0.381,0.656,-0.263,-0.478,0.000
2.640,0.625,0.155,0.106,0.058,0.000
1.435,2.509,1.087,-0.212,-0.111,1.000
0.468,1.630,1.877,-0.571,0.000,0.000
0.311,1.405,1.519,-0.450,-0.255,0.000
0.596,2.869,-0.439,0.242,0.196,0.000
0.230,1.214,1.916,-0.550,-0.535,0.000
0.421,1.494,1.362,1.755,0.000,1.000
0.774,0.964,-0.256,-0.123,0.000,0.000
0.225,1.075,2.367,-0.734,0.000,0.000
0.156,1.034,1.946,-0.555,0.000,0.000
2.030,0.636,-0.098,0.078,0.056,0.000
-0.233,0.690,1.364,-0.778,-0.532,0.000
-0.076,0.341,0.592,1.026,0.000,1.000
0.265,1.313,2.753,-0.780,0.000,0.000
0.310,0.502,1.452,1.496,1.734,1.000
1.667,1.272,-0.240,0.204,0.163,0.000
0.210,1.195,1.902,-0.557,0.000,0.000
0.075,0.359,1.007,1.857,-0.832,1.000
1.195,1.537,-0.344,-0.115,-0.083,0.000
0.072,0.376,0.657,1.930,-0.578,1.000
1.653,0.732,-0.095,0.065,0.047,0.000
0.556,3.451,-0.597,-0.245,-0.153,0.000
0.199,1.020,0.958,1.156,0.000,0.000
0.826,1.872,-0.313,0.232,-0.322,0.000
1.203,2.256,-0.356,-0.157,-0.108,0.000
0.437,1.932,1.163,0.588,-0.290,0.000
1.093,1.692,0.445,-0.312,1.608,0.000
0.237,1.014,2.321,-0.849,0.000,0.000
0.874,3.030,-0.496,0.243,0.480,0.000
0.489,2.921,-0.470,0.255,-0.161,0.000
0.199,0.636,0.753,1.258,0.000,1.000
3.027,-0.315,0.164,-0.109,-0.113,0.000
2.367,0.283,0.158,0.156,-0.060,0.000
0.086,0.464,0.309,0.495,0.921,0.000
0.913,2.728,-0.394,0.492,0.686,0.000
