32.000,95.000,9.000,0.000,0.000,1.278,1.041,2.222,3.096,3.148,0.778,7.444,1.222,-7.111,12.889,-5.778,7.444,0.920,-2.152,3.000
250.000,131.000,9.000,0.000,0.000,0.000,0.000,0.000,0.000,0.000,0.000,0.000,0.000,0.000,0.000,0.000,0.000,0.000,0.000,5.000
55.000,145.000,9.000,0.000,0.000,5.056,2.977,1.000,0.422,26.778,24.222,33.333,22.778,-7.667,19.667,-12.000,33.333,0.315,-1.935,4.000
71.000,90.000,9.000,0.000,0.000,2.778,2.074,5.111,3.274,22.630,22.000,29.111,16.778,-1.889,19.444,-17.556,29.111,0.420,-1.622,1.000
86.000,197.000,9.000,0.111,0.111,1.611,1.452,1.278,1.104,63.222,56.222,77.778,55.667,-21.000,43.667,-22.667,77.778,0.285,-2.068,6.000
136.000,129.000,9.000,0.111,0.000,1.944,3.085,2.000,3.156,24.704,19.111,34.889,20.111,-16.778,30.556,-13.778,34.889,0.450,-2.161,4.000
4.000,188.000,9.000,0.000,0.000,1.556,0.689,2.333,0.760,15.741,13.333,14.000,19.889,-7.222,-5.222,12.444,19.889,0.342,2.205,7.000
38.000,189.000,9.000,0.000,0.000,1.000,0.222,6.222,33.319,29.074,26.333,35.222,25.667,-8.222,18.444,-10.222,35.222,0.271,-2.049,6.000
127.000,81.000,9.000,0.000,0.000,24.333,442.178,22.111,263.096,42.556,34.889,51.778,41.000,-23.000,27.667,-4.667,51.778,0.367,-2.476,3.000
68.000,109.000,9.000,0.000,0.000,1.500,3.233,1.111,1.896,1.963,0.333,4.778,0.778,-4.889,8.444,-3.556,4.778,0.969,-2.147,3.000
239.000,174.000,9.000,0.000,0.000,2.000,1.445,1.389,0.854,57.852,50.444,73.222,49.889,-22.222,46.111,-23.889,73.222,0.320,-2.069,6.000
244.000,211.000,9.000,0.000,0.000,1.667,1.333,2.000,2.311,13.630,10.778,12.889,17.222,-8.556,-2.222,10.778,17.222,0.375,2.441,7.000
52.000,102.000,9.000,0.000,0.000,0.722,0.507,0.833,0.567,2.889,0.667,6.333,1.667,-6.667,10.333,-3.667,6.333,0.900,-2.262,3.000
239.000,93.000,9.000,0.000,0.000,3.444,13.496,1.056,0.863,14.407,9.889,22.889,10.444,-13.556,25.444,-11.889,22.889,0.577,-2.137,5.000
188.000,133.000,9.000,0.000,0.000,0.333,0.267,0.500,0.078,6.667,8.333,7.778,3.889,5.000,3.333,-8.333,8.444,0.539,-0.925,1.000
192.000,142.000,9.000,0.111,0.000,0.500,0.122,1.500,0.522,4.667,6.778,4.889,2.333,6.333,0.667,-7.000,6.778,0.662,-0.605,1.000
142.000,112.000,9.000,0.000,0.000,1.056,0.491,0.556,0.344,28.852,24.556,36.222,25.778,-12.889,22.111,-9.222,36.222,0.322,-2.200,5.000
142.000,208.000,9.000,0.000,0.000,1.944,2.641,2.500,1.322,18.556,15.444,14.889,25.333,-9.333,-11.000,20.333,25.333,0.441,2.102,7.000
205.000,177.000,9.000,0.000,0.000,2.833,9.633,8.500,17.367,32.444,28.444,40.333,28.556,-12.000,23.667,-11.667,40.333,0.296,-2.121,6.000
252.000,137.000,9.000,0.000,0.000,0.889,0.544,0.611,0.712,0.741,0.333,1.778,0.111,-1.222,3.111,-1.889,1.778,0.750,-2.008,5.000
96.000,96.000,9.000,0.000,0.000,1.000,1.511,0.833,0.300,6.296,2.667,11.889,4.333,-10.889,16.778,-5.889,11.889,0.779,-2.276,3.000
3.000,21.000,9.000,0.000,0.000,0.444,0.607,1.222,0.119,130.148,120.778,143.222,126.444,-28.111,39.222,-11.111,143.222,0.157,-2.357,2.000
21.000,122.000,9.000,0.000,0.000,0.444,0.404,0.444,0.404,0.556,0.000,1.222,0.444,-1.667,2.000,-0.333,1.222,0.556,-2.445,3.000
85.000,200.000,9.000,0.000,0.000,4.500,4.324,6.056,4.328,58.593,52.222,72.667,50.889,-19.111,42.222,-23.111,72.667,0.300,-2.029,6.000
28.000,114.000,9.000,0.000,0.000,0.833,0.433,1.167,0.256,1.852,0.111,4.667,0.778,-5.222,8.444,-3.222,4.667,0.984,-2.223,3.000
169.000,98.000,9.000,0.000,0.000,0.722,0.152,1.667,0.756,92.333,77.333,116.889,82.778,-45.000,73.667,-28.667,116.889,0.338,-2.239,2.000
71.000,125.000,9.000,0.000,0.000,0.667,0.471,0.722,0.491,16.407,12.444,23.667,13.111,-11.889,21.778,-9.889,25.333,0.561,-1.793,3.000
96.000,13.000,9.000,0.000,0.000,0.833,0.478,0.556,0.207,131.778,122.111,144.778,128.444,-29.000,39.000,-10.000,144.778,0.157,-2.386,2.000
172.000,140.000,9.000,0.000,0.000,3.000,0.422,0.667,0.422,3.222,2.667,5.000,2.000,-1.667,5.333,-3.667,5.000,0.656,-1.853,5.000
215.000,84.000,9.000,0.000,0.000,0.333,0.298,0.389,0.328,17.111,13.000,24.778,13.556,-12.333,23.000,-10.667,24.778,0.475,-2.144,5.000
29.000,78.000,9.000,0.000,0.000,0.667,0.699,2.611,2.323,69.741,59.667,88.444,61.111,-30.222,56.111,-25.889,88.444,0.325,-2.146,4.000
117.000,147.000,9.000,0.000,0.000,0.611,0.107,0.778,0.563,6.778,5.444,11.000,3.889,-4.000,12.667,-8.667,11.000,0.644,-1.783,1.000
167.000,45.000,9.000,0.000,0.000,0.944,0.730,0.611,0.285,101.222,87.111,124.000,92.556,-42.333,68.333,-26.000,124.000,0.297,-2.248,2.000
230.000,124.000,9.000,0.000,0.000,0.278,0.107,0.278,0.152,0.667,0.000,2.000,0.000,-2.000,4.000,-2.000,2.000,1.000,-2.094,3.000
38.000,103.000,9.000,0.000,0.000,0.889,1.052,1.944,1.396,58.185,53.333,69.556,51.667,-14.556,34.111,-19.556,69.556,0.257,-1.998,4.000
55.000,128.000,9.000,0.000,0.000,0.333,0.044,0.389,0.152,5.037,6.889,5.444,2.778,5.556,1.222,-6.778,6.889,0.594,-0.689,1.000
121.000,189.000,9.000,0.000,0.000,2.278,2.195,4.944,4.008,62.074,54.778,77.556,53.889,-21.889,46.444,-24.556,77.556,0.305,-2.054,6.000
163.000,210.000,9.000,0.000,0.000,1.556,0.544,1.500,0.960,11.852,9.333,8.889,17.333,-7.556,-8.889,16.444,17.333,0.489,2.044,7.000
226.000,110.000,9.000,0.000,0.000,0.333,0.089,0.500,0.211,1.667,0.111,4.444,0.444,-4.667,8.333,-3.667,4.444,0.978,-2.156,3.000
239.000,143.000,9.000,0.000,0.000,0.333,0.044,0.667,0.133,4.519,6.111,5.444,2.000,4.778,2.778,-7.556,6.111,0.674,-0.878,1.000
160.000,41.000,9.000,0.000,0.000,0.833,0.810,0.222,0.172,0.704,0.556,1.222,0.333,-0.444,1.556,-1.111,1.222,0.537,-1.845,5.000
63.000,13.000,9.000,0.000,0.000,1.167,1.011,0.944,0.685,141.815,137.111,148.889,139.444,-14.111,21.222,-7.111,148.889,0.080,-2.277,2.000
177.000,129.000,9.000,0.000,0.000,0.444,0.252,1.111,0.296,6.407,8.000,7.444,3.778,4.778,3.111,-7.889,8.222,0.542,-0.913,1.000
37.000,124.000,9.000,0.000,0.111,1.500,1.011,2.444,1.807,54.333,49.444,65.222,48.333,-14.667,32.667,-18.000,65.222,0.259,-2.030,4.000
166.000,65.000,9.000,0.000,0.000,0.778,0.785,0.722,0.330,97.333,82.778,121.111,88.111,-43.667,71.333,-27.667,121.111,0.316,-2.239,2.000
64.000,186.000,9.000,0.000,0.000,2.167,1.944,6.833,53.589,30.778,27.556,37.889,26.889,-9.667,21.333,-11.667,37.889,0.277,-2.046,6.000
48.000,79.000,9.000,0.000,0.000,1.778,1.852,1.167,1.322,5.407,1.778,10.556,3.889,-10.889,15.444,-4.556,10.556,0.842,-2.340,3.000
205.000,83.000,9.000,0.000,0.000,24.556,688.074,8.333,121.244,23.296,19.778,28.556,21.556,-10.556,15.778,-5.222,28.556,0.504,-2.321,3.000
176.000,233.000,9.000,0.111,0.000,1.444,1.148,2.611,1.902,12.481,10.333,8.333,18.778,-6.444,-12.444,18.889,18.778,0.555,1.904,7.000
11.000,108.000,9.000,0.000,0.000,1.333,0.800,1.389,0.952,17.667,19.000,21.111,12.889,4.000,10.333,-14.333,21.111,0.389,-1.302,1.000
2.000,88.000,9.000,0.000,0.000,3.611,7.219,2.500,5.856,7.778,3.556,13.333,6.444,-12.667,16.667,-4.000,13.333,0.755,-2.394,3.000
67.000,34.000,9.000,0.000,0.000,1.111,1.223,0.556,0.584,54.259,46.222,70.333,46.222,-24.111,48.222,-24.111,70.333,0.347,-2.095,4.000
11.000,163.000,9.000,0.000,0.000,1.056,0.929,2.500,1.312,19.815,17.444,16.667,25.333,-7.111,-9.444,16.556,25.333,0.344,2.002,7.000
115.000,182.000,9.000,0.000,0.000,0.556,1.047,0.722,1.143,17.593,15.444,14.000,23.333,-6.444,-10.778,17.222,23.333,0.399,1.938,7.000
241.000,135.000,9.000,0.000,0.000,0.222,0.030,0.167,0.078,0.148,0.000,0.444,0.000,-0.444,0.889,-0.444,0.444,0.333,-2.094,5.000
245.000,140.000,9.000,0.000,0.000,0.167,0.279,0.611,0.743,0.407,0.222,0.778,0.222,-0.556,1.111,-0.556,0.778,0.241,-2.094,5.000
118.000,38.000,9.000,0.000,0.000,0.778,0.584,0.889,1.068,124.852,113.333,141.667,119.556,-34.556,50.444,-15.889,141.667,0.200,-2.323,2.000
133.000,67.000,9.000,0.000,0.000,1.389,1.396,2.111,1.230,27.148,25.111,35.889,20.444,-6.111,26.222,-20.111,35.889,0.429,-1.768,1.000
168.000,184.000,9.000,0.000,0.000,4.667,1.520,5.833,1.810,48.259,43.889,58.667,42.222,-13.111,31.222,-18.111,58.667,0.278,-1.987,6.000
68.000,107.000,9.000,0.111,0.000,1.111,3.141,1.111,2.563,1.778,0.222,4.556,0.556,-4.667,8.333,-3.667,4.556,0.981,-2.147,3.000
217.000,145.000,9.000,0.000,0.000,0.556,0.163,0.722,0.063,5.296,6.333,6.556,3.000,3.111,3.778,-6.889,7.000,0.564,-1.069,1.000
24.000,15.000,9.000,0.000,0.000,0.833,0.691,1.111,0.544,70.074,61.000,87.444,61.778,-27.222,52.111,-24.889,87.444,0.302,-2.125,4.000
20.000,137.000,9.000,0.000,0.000,0.111,0.030,0.278,0.019,0.222,0.000,0.667,0.000,-0.667,1.333,-0.667,0.667,0.667,-2.094,3.000
160.000,30.000,9.000,0.000,0.000,0.222,0.272,0.611,0.612,111.222,97.667,129.000,107.000,-40.667,53.333,-12.667,129.000,0.243,-2.405,2.000
23.000,172.000,9.000,0.000,0.000,1.333,0.894,9.167,5.857,42.333,38.000,51.222,37.778,-13.000,26.667,-13.667,51.222,0.265,-2.127,6.000
187.000,36.000,9.000,0.000,0.000,0.389,0.251,0.500,0.279,7.519,4.778,13.000,4.778,-8.222,16.444,-8.222,13.000,0.649,-2.097,5.000
200.000,245.000,9.000,0.111,0.000,1.500,0.922,1.056,0.507,16.111,11.889,15.000,21.444,-12.667,-3.333,16.000,21.444,0.445,2.433,7.000
119.000,153.000,9.000,0.000,0.000,5.056,5.539,0.056,0.136,3.370,3.000,3.889,3.222,-1.111,1.556,-0.444,3.889,0.085,-2.222,5.000
207.000,97.000,9.000,0.000,0.000,0.889,0.652,0.778,0.474,2.630,0.556,5.889,1.444,-6.222,9.778,-3.556,5.889,0.915,-2.269,3.000
73.000,31.000,9.000,0.000,0.000,0.556,0.455,0.889,0.344,126.852,115.556,143.111,121.889,-33.889,48.778,-14.889,143.111,0.192,-2.335,2.000
152.000,199.000,9.000,0.000,0.000,1.111,0.519,0.833,0.256,17.963,15.222,15.444,23.222,-8.222,-7.556,15.778,23.222,0.348,2.130,7.000
233.000,97.000,9.000,0.000,0.000,0.389,0.196,0.556,0.207,2.111,0.111,5.556,0.667,-6.000,10.333,-4.333,5.556,0.984,-2.191,3.000
183.000,185.000,9.000,0.000,0.000,2.889,1.425,5.778,5.556,44.963,40.667,55.000,39.222,-12.889,30.111,-17.222,55.000,0.286,-2.005,6.000
242.000,148.000,9.000,0.000,0.000,0.000,0.000,0.000,0.000,0.000,0.000,0.000,0.000,0.000,0.000,0.000,0.000,0.000,0.000,5.000
239.000,122.000,9.000,0.000,0.000,0.278,0.063,0.333,0.178,5.556,7.000,6.667,3.000,4.333,3.333,-7.667,7.222,0.581,-0.953,1.000
108.000,138.000,9.000,0.000,0.000,0.278,0.063,0.500,0.122,3.185,1.444,6.667,1.444,-5.222,10.444,-5.222,6.667,0.800,-2.088,5.000
183.000,29.000,9.000,0.000,0.000,0.778,0.607,0.778,0.430,103.259,88.778,126.333,94.667,-43.444,69.222,-25.778,126.333,0.297,-2.257,2.000
33.000,90.000,9.000,0.111,0.000,0.500,0.408,1.833,0.548,16.667,11.889,25.778,12.333,-14.333,27.333,-13.000,25.778,0.539,-2.126,5.000
228.000,20.000,9.000,0.000,0.000,1.056,0.491,0.833,0.753,125.000,114.000,140.556,120.444,-33.000,46.667,-13.667,140.556,0.189,-2.348,2.000
143.000,24.000,9.000,0.000,0.000,1.278,0.907,0.889,1.141,127.630,117.667,141.667,123.556,-29.889,42.111,-12.222,141.667,0.169,-2.349,2.000
137.000,94.000,9.000,0.222,0.000,1.667,0.800,3.667,2.889,21.222,20.667,27.333,15.667,-1.667,18.333,-16.667,27.333,0.428,-1.627,1.000
63.000,158.000,9.000,0.111,0.000,1.000,1.054,1.889,1.294,22.185,16.444,22.222,27.889,-17.222,0.111,17.111,27.889,0.412,2.625,7.000
221.000,50.000,9.000,0.000,0.000,0.444,0.544,1.444,0.689,122.074,109.889,139.778,116.556,-36.556,53.111,-16.556,139.778,0.214,-2.326,2.000
183.000,91.000,9.000,0.000,0.000,2.667,0.894,0.500,0.548,14.444,11.000,21.000,11.333,-10.333,19.667,-9.333,21.000,0.477,-2.128,5.000
104.000,41.000,9.000,0.000,0.000,0.389,0.328,0.833,0.587,112.111,99.000,129.333,108.000,-39.333,51.667,-12.333,129.333,0.234,-2.405,2.000
62.000,123.000,9.000,0.000,0.000,0.444,0.207,0.500,0.122,5.815,7.556,6.667,3.222,5.222,2.556,-7.778,7.556,0.573,-0.838,1.000
163.000,177.000,9.000,0.111,0.000,1.167,0.700,2.500,0.789,24.519,21.222,21.444,30.889,-9.889,-9.222,19.111,30.889,0.321,2.125,7.000
33.000,117.000,9.000,0.000,0.000,0.278,0.019,0.111,0.030,1.074,0.000,3.111,0.111,-3.222,6.111,-2.889,3.111,1.000,-2.133,3.000
141.000,89.000,9.000,0.000,0.000,1.278,1.485,1.667,3.689,23.889,23.111,30.444,18.111,-2.333,19.667,-17.333,30.444,0.405,-1.664,1.000
72.000,31.000,9.000,0.000,0.000,1.111,1.496,1.333,0.711,135.926,129.889,145.556,132.333,-18.111,28.889,-10.778,145.556,0.108,-2.255,2.000
114.000,102.000,9.000,0.000,0.000,1.111,1.230,1.167,0.878,4.037,1.000,8.444,2.667,-9.111,13.222,-4.111,8.444,0.891,-2.316,3.000
226.000,84.000,9.000,0.000,0.000,3.056,3.974,1.778,2.696,4.556,1.556,9.000,3.111,-9.000,13.333,-4.333,9.000,0.848,-2.306,3.000
45.000,188.000,9.000,0.000,0.000,2.444,2.741,3.111,7.541,33.333,29.667,41.333,29.000,-11.000,24.000,-13.000,41.333,0.300,-2.041,6.000
180.000,142.000,9.000,0.000,0.000,0.167,0.279,0.111,0.172,0.111,0.000,0.333,0.000,-0.333,0.667,-0.333,0.333,0.222,-2.094,5.000
147.000,92.000,9.000,0.000,0.000,1.111,0.430,1.389,2.241,23.444,22.778,30.000,17.556,-2.000,19.667,-17.667,30.000,0.414,-1.654,1.000
117.000,137.000,9.000,0.000,0.000,0.222,0.074,0.667,0.178,3.111,1.556,6.333,1.444,-4.667,9.667,-5.000,6.333,0.772,-2.075,5.000
252.000,194.000,9.000,0.000,0.000,2.167,0.782,2.056,2.027,18.556,15.000,15.333,25.333,-10.667,-9.667,20.333,25.333,0.422,2.127,7.000
69.000,92.000,9.000,0.111,0.000,1.889,4.519,2.000,1.022,19.370,20.222,23.333,14.556,2.556,11.889,-14.444,23.333,0.377,-1.408,1.000
64.000,19.000,9.000,0.000,0.000,0.944,0.152,1.667,0.311,137.778,131.556,146.444,135.333,-18.667,26.000,-7.333,146.444,0.102,-2.359,2.000
235.000,22.000,9.000,0.000,0.000,1.167,0.389,1.000,0.489,137.630,132.111,147.889,132.889,-16.556,30.778,-14.222,147.889,0.110,-2.146,2.000
187.000,89.000,9.000,0.000,0.000,3.000,1.606,1.111,1.068,8.444,6.333,13.000,6.000,-6.333,13.667,-7.333,13.000,0.549,-2.044,5.000
80.000,87.000,9.000,0.000,0.111,24.389,572.996,44.722,1386.329,67.444,58.778,79.000,64.556,-26.000,34.667,-8.667,79.000,0.306,-2.422,3.000
228.000,42.000,9.000,0.111,0.000,2.056,1.555,4.333,2.231,44.556,39.556,54.111,40.000,-15.000,28.667,-13.667,54.111,0.272,-2.120,4.000
37.000,165.000,9.000,0.000,0.000,2.389,8.107,16.444,23.896,35.815,30.778,42.889,33.778,-15.111,21.222,-6.111,42.889,0.274,-2.470,6.000
181.000,115.000,9.000,0.000,0.000,0.222,0.030,1.444,1.230,132.778,123.222,145.333,129.778,-28.667,37.667,-9.000,145.333,0.152,-2.405,2.000
241.000,70.000,9.000,0.000,0.000,1.056,0.712,4.111,2.754,39.963,36.444,48.333,35.111,-10.556,25.111,-14.556,48.333,0.274,-1.990,4.000
197.000,121.000,9.000,0.000,0.000,21.667,17.363,0.944,0.905,41.037,37.444,49.444,36.222,-10.778,25.222,-14.444,49.444,0.281,-1.996,4.000
81.000,122.000,9.000,0.000,0.111,7.389,64.952,4.833,42.256,6.630,3.333,11.333,5.222,-9.889,14.111,-4.222,11.333,0.809,-2.349,3.000
93.000,190.000,9.000,0.000,0.000,5.500,1.823,2.611,3.235,53.593,47.333,66.889,46.556,-18.778,39.889,-21.111,66.889,0.304,-2.053,6.000
168.000,40.000,9.000,0.000,0.000,0.000,0.000,0.000,0.000,0.000,0.000,0.000,0.000,0.000,0.000,0.000,0.000,0.000,0.000,5.000
164.000,202.000,9.000,0.111,0.000,1.500,1.823,1.611,0.828,15.111,12.000,14.778,18.556,-9.333,-1.000,10.333,18.556,0.354,2.523,7.000
130.000,189.000,9.000,0.000,0.000,0.889,0.341,1.167,0.922,12.000,9.444,10.111,16.444,-7.667,-5.667,13.333,16.444,0.439,2.194,7.000
150.000,158.000,9.000,0.000,0.000,2.167,1.633,1.389,0.419,8.444,7.000,12.222,6.111,-4.333,11.333,-7.000,12.222,0.503,-1.943,4.000
161.000,144.000,9.000,0.000,0.000,0.000,0.000,0.000,0.000,0.000,0.000,0.000,0.000,0.000,0.000,0.000,0.000,0.000,0.000,5.000
97.000,63.000,9.000,0.000,0.000,0.722,0.443,0.333,0.211,108.926,96.222,126.111,104.444,-38.111,51.556,-13.444,126.111,0.237,-2.382,2.000
25.000,155.000,9.000,0.000,0.000,5.722,99.752,18.000,151.689,14.333,13.000,18.667,11.333,-4.000,13.000,-9.000,21.444,0.646,-1.797,5.000
1.000,81.000,9.000,0.000,0.000,12.167,267.456,9.222,205.363,21.333,14.000,30.556,19.444,-22.000,27.667,-5.667,30.556,0.595,-2.438,3.000
228.000,22.000,9.000,0.000,0.000,1.111,0.861,1.389,0.976,49.667,42.778,62.889,43.333,-20.667,39.667,-19.000,62.889,0.319,-2.124,4.000
195.000,136.000,9.000,0.000,0.000,1.167,0.522,1.167,0.478,2.444,0.667,5.778,0.889,-5.333,10.000,-4.667,5.778,0.911,-2.130,5.000
142.000,33.000,9.000,0.000,0.000,0.500,0.624,0.500,0.350,110.593,96.778,128.667,106.333,-41.444,54.222,-12.778,128.667,0.248,-2.408,2.000
65.000,70.000,9.000,0.000,0.000,0.667,0.178,1.111,0.563,112.519,104.000,127.778,105.778,-25.556,45.778,-20.222,127.778,0.186,-2.172,2.000
163.000,68.000,9.000,0.000,0.000,1.833,2.211,1.556,0.963,56.778,52.000,68.222,50.111,-14.333,34.333,-20.000,68.222,0.265,-1.984,4.000
91.000,64.000,9.000,0.000,0.000,0.944,0.712,1.056,1.020,62.000,53.667,78.111,54.222,-25.000,48.333,-23.333,78.111,0.314,-2.118,4.000
7.000,34.000,9.000,0.000,0.000,2.000,3.689,1.500,2.033,20.333,18.222,27.889,14.889,-6.333,22.667,-16.333,27.889,0.466,-1.823,1.000
42.000,59.000,9.000,0.000,0.000,1.833,3.500,2.056,0.863,21.815,20.778,28.778,15.889,-3.111,20.889,-17.778,28.778,0.445,-1.681,1.000
83.000,28.000,9.000,0.000,0.000,0.389,0.136,0.889,0.455,112.963,99.444,131.111,108.333,-40.556,54.444,-13.889,131.111,0.242,-2.388,2.000
17.000,204.000,9.000,0.000,0.000,2.000,1.282,2.167,0.753,57.259,50.889,71.222,49.667,-19.111,41.889,-22.778,71.222,0.303,-2.037,6.000
77.000,186.000,9.000,0.000,0.000,2.000,2.667,2.333,3.556,34.963,31.111,43.444,30.333,-11.556,25.444,-13.889,43.444,0.303,-2.037,6.000
121.000,154.000,9.000,0.000,0.000,0.444,0.119,2.611,5.752,1.852,1.556,3.000,1.000,-0.889,3.444,-2.556,3.000,0.534,-1.906,5.000
204.000,131.000,9.000,0.000,0.000,0.111,0.172,0.111,0.172,0.222,0.000,0.667,0.000,-0.667,1.333,-0.667,0.667,0.667,-2.094,5.000
85.000,101.000,9.000,0.000,0.000,1.333,1.289,1.278,1.219,21.296,21.222,26.778,15.889,-0.222,16.444,-16.222,26.778,0.405,-1.559,1.000
214.000,79.000,9.000,0.000,0.000,1.278,0.863,1.333,0.533,4.852,2.000,9.222,3.333,-8.556,13.111,-4.556,9.222,0.792,-2.289,3.000
57.000,89.000,9.000,0.000,0.000,1.722,1.307,6.167,4.703,17.000,13.000,24.556,13.444,-12.000,22.667,-10.667,24.556,0.477,-2.130,5.000
60.000,181.000,9.000,0.111,0.000,1.667,1.200,2.667,2.089,19.630,17.111,17.889,23.889,-7.556,-5.222,12.778,23.889,0.286,2.189,7.000
62.000,202.000,9.000,0.000,0.000,2.556,1.708,1.500,1.130,60.481,53.667,74.889,52.889,-20.444,43.222,-22.778,74.889,0.298,-2.061,6.000
30.000,56.000,9.000,0.000,0.000,1.556,0.430,1.500,1.278,23.704,22.111,31.333,17.667,-4.778,22.889,-18.111,31.333,0.436,-1.749,1.000
163.000,166.000,9.000,0.000,0.000,1.778,1.096,2.444,1.052,16.963,12.333,16.333,22.222,-13.889,-1.889,15.778,22.222,0.446,2.516,7.000
57.000,93.000,9.000,0.000,0.000,0.389,0.390,0.222,0.172,17.926,13.222,27.111,13.444,-14.111,27.556,-13.444,27.111,0.512,-2.110,5.000
9.000,80.000,9.000,0.000,0.000,2.944,13.752,16.667,71.511,23.630,17.333,31.667,21.889,-18.889,24.111,-5.222,31.667,0.514,-2.432,3.000
224.000,124.000,9.000,0.000,0.000,3.167,9.544,7.389,70.196,43.148,39.222,52.667,37.556,-11.778,28.556,-16.778,52.667,0.291,-1.981,4.000
107.000,191.000,9.000,0.000,0.000,3.722,2.999,2.889,2.786,62.037,54.444,78.111,53.556,-22.778,48.222,-25.444,78.111,0.315,-2.056,6.000
184.000,91.000,9.000,0.000,0.000,1.222,0.385,0.389,0.107,24.074,17.778,34.889,19.556,-18.889,32.444,-13.556,34.889,0.490,-2.202,5.000
95.000,95.000,9.000,0.000,0.000,0.722,0.819,1.111,0.252,6.481,2.333,12.556,4.556,-12.444,18.222,-5.778,12.556,0.817,-2.322,3.000
148.000,192.000,9.000,0.111,0.000,4.000,2.181,4.944,3.867,58.111,51.778,72.000,50.556,-19.000,41.667,-22.667,72.000,0.299,-2.034,6.000
39.000,124.000,9.000,0.000,0.111,5.333,4.775,6.500,4.545,7.593,4.111,12.889,5.778,-10.444,15.889,-5.444,12.889,0.772,-2.266,3.000
16.000,117.000,9.000,0.000,0.000,0.278,0.152,0.500,0.211,5.889,6.889,7.444,3.333,3.000,4.667,-7.667,7.444,0.554,-1.180,1.000
103.000,64.000,9.000,0.000,0.000,0.667,0.699,1.333,0.919,108.778,96.333,126.222,103.778,-37.333,52.333,-15.000,126.222,0.237,-2.355,2.000
92.000,44.000,9.000,0.111,0.000,0.722,0.574,1.167,1.049,123.815,113.444,138.111,119.889,-31.111,42.889,-11.778,138.111,0.178,-2.367,2.000
31.000,68.000,9.000,0.000,0.000,27.944,203.352,18.278,338.641,47.185,38.556,60.111,42.889,-25.889,38.778,-12.889,60.111,0.413,-2.309,3.000
42.000,200.000,9.000,0.000,0.000,0.556,0.430,0.444,0.252,7.704,5.778,5.889,11.444,-5.778,-5.444,11.222,11.444,0.515,2.107,7.000
18.000,209.000,9.000,0.000,0.111,2.611,0.712,4.556,2.672,48.778,43.000,60.778,42.556,-17.333,36.000,-18.667,60.778,0.303,-2.067,6.000
103.000,216.000,9.000,0.000,0.000,0.889,0.652,2.167,1.144,14.556,10.889,13.667,19.111,-11.000,-2.667,13.667,19.111,0.432,2.448,7.000
35.000,96.000,9.000,0.111,0.000,2.111,1.007,2.833,3.856,21.741,20.778,27.778,16.667,-2.889,18.111,-15.222,27.778,0.399,-1.677,1.000
201.000,135.000,9.000,0.000,0.000,0.556,0.296,0.889,0.074,5.519,7.111,6.444,3.000,4.778,2.778,-7.556,7.444,0.599,-0.892,1.000
206.000,30.000,9.000,0.000,0.000,0.778,0.502,0.833,0.548,123.333,112.778,139.667,117.556,-31.667,49.000,-17.333,139.667,0.193,-2.280,2.000
99.000,103.000,9.000,0.000,0.000,1.000,0.400,0.833,0.433,64.444,58.333,78.111,56.889,-18.333,41.000,-22.667,78.111,0.272,-2.023,4.000
71.000,197.000,9.000,0.000,0.000,2.722,1.855,4.556,2.146,55.444,49.111,69.556,47.667,-19.000,42.333,-23.333,69.556,0.315,-2.024,6.000
51.000,141.000,9.000,0.000,0.000,0.556,0.119,0.222,0.074,0.704,0.333,1.778,0.000,-1.111,3.222,-2.111,1.778,0.889,-1.921,5.000
197.000,156.000,9.000,0.000,0.000,0.944,0.491,2.056,1.705,16.926,13.444,15.556,21.778,-10.444,-4.111,14.556,21.778,0.385,2.364,7.000
136.000,92.000,9.000,0.000,0.000,8.056,44.774,1.000,0.178,15.407,11.667,22.667,11.889,-11.222,21.778,-10.556,22.667,0.534,-2.113,5.000
238.000,180.000,9.000,0.111,0.000,0.556,0.341,1.722,1.663,13.593,11.111,11.889,17.778,-7.444,-5.111,12.556,17.778,0.376,2.213,7.000
73.000,201.000,9.000,0.000,0.111,0.722,0.647,4.444,2.456,58.704,52.889,72.222,51.000,-17.444,40.556,-23.111,72.222,0.294,-1.998,6.000
232.000,126.000,9.000,0.000,0.111,2.389,11.885,1.222,6.296,1.519,0.444,3.556,0.556,-3.222,6.111,-2.889,3.556,0.966,-2.107,3.000
45.000,149.000,9.000,0.000,0.000,2.500,3.322,0.667,0.267,16.815,13.444,23.778,13.222,-10.111,20.889,-10.778,23.778,0.453,-2.069,4.000
236.000,102.000,9.000,0.000,0.000,1.056,0.063,1.778,1.230,51.704,46.222,64.333,44.556,-16.444,37.889,-21.444,64.333,0.307,-2.010,4.000
19.000,145.000,9.000,0.000,0.000,0.889,1.674,2.111,4.385,2.074,0.667,3.556,2.000,-4.222,4.444,-0.222,3.556,0.458,-2.570,3.000
123.000,183.000,9.000,0.000,0.000,1.111,0.652,6.333,36.933,32.259,29.444,39.111,28.222,-8.444,20.556,-12.111,39.111,0.266,-1.971,6.000
120.000,124.000,9.000,0.000,0.000,9.000,112.578,11.167,184.522,53.778,49.000,64.444,47.889,-14.333,32.000,-17.667,64.444,0.261,-2.017,4.000
156.000,123.000,9.000,0.000,0.000,0.389,0.152,0.389,0.063,6.111,8.000,6.778,3.556,5.667,2.000,-7.667,8.000,0.556,-0.762,1.000
22.000,125.000,9.000,0.000,0.000,2.278,1.806,2.444,1.344,58.222,50.222,73.778,50.667,-24.000,46.667,-22.667,73.778,0.324,-2.113,4.000
200.000,189.000,9.000,0.000,0.000,1.111,1.089,3.167,1.006,49.667,45.111,60.889,43.000,-13.667,33.667,-20.000,60.889,0.294,-1.973,6.000
16.000,246.000,9.000,0.111,0.000,2.389,1.085,1.722,1.752,9.407,9.556,10.111,8.556,0.444,2.111,-2.556,10.333,0.163,-1.191,7.000
103.000,65.000,9.000,0.000,0.000,1.278,1.084,1.222,0.911,60.148,53.778,73.889,52.778,-19.111,41.222,-22.111,73.889,0.287,-2.042,4.000
145.000,34.000,9.000,0.111,0.000,0.556,0.341,1.889,1.141,137.037,131.444,146.667,133.000,-16.778,28.889,-12.111,146.667,0.105,-2.200,2.000
233.000,184.000,9.000,0.000,0.000,0.500,0.078,0.778,0.785,11.852,9.778,9.889,15.889,-6.222,-5.889,12.111,15.889,0.406,2.129,7.000
42.000,188.000,9.000,0.000,0.000,1.833,1.811,1.389,1.752,30.778,27.556,38.111,26.667,-9.667,22.000,-12.333,38.111,0.302,-2.016,6.000
224.000,63.000,9.000,0.000,0.000,0.778,0.296,0.667,0.178,120.222,108.444,137.556,114.667,-35.333,52.000,-16.667,137.556,0.211,-2.316,2.000
217.000,80.000,9.000,0.000,0.000,0.556,0.584,2.778,0.720,15.852,11.889,23.222,12.444,-11.889,22.111,-10.222,23.222,0.490,-2.142,5.000
121.000,102.000,9.000,0.111,0.000,2.944,1.855,1.222,0.861,51.667,47.111,62.333,45.556,-13.667,32.000,-18.333,62.333,0.269,-1.995,4.000
219.000,176.000,9.000,0.000,0.111,2.111,1.858,5.111,2.841,60.296,53.333,75.667,51.889,-20.889,46.111,-25.222,75.667,0.314,-2.031,6.000
245.000,93.000,9.000,0.111,0.000,2.889,3.896,1.944,4.907,86.296,70.667,112.111,76.111,-46.889,77.444,-30.556,112.111,0.370,-2.232,2.000
149.000,182.000,9.000,0.111,0.000,3.111,3.209,7.000,5.649,39.852,37.222,47.333,35.000,-7.889,22.444,-14.556,47.333,0.248,-1.868,6.000
228.000,143.000,9.000,0.000,0.000,0.500,0.344,0.667,0.311,5.296,6.667,6.222,3.000,4.111,2.778,-6.889,6.778,0.556,-0.915,1.000
108.000,212.000,9.000,0.000,0.000,2.000,1.422,1.556,1.985,8.037,6.000,6.778,11.333,-6.111,-3.778,9.889,11.333,0.513,2.243,7.000
86.000,155.000,9.000,0.000,0.000,4.278,10.552,5.389,60.241,8.741,6.667,12.889,6.667,-6.222,12.444,-6.222,12.889,0.392,-2.079,5.000
138.000,144.000,9.000,0.000,0.000,0.889,0.861,0.278,0.534,0.667,0.556,1.000,0.444,-0.333,1.000,-0.667,1.000,0.370,-1.904,5.000
4.000,210.000,9.000,0.000,0.000,4.722,4.019,5.722,2.185,49.741,44.222,62.222,42.778,-16.556,37.444,-20.889,62.222,0.314,-2.014,6.000
120.000,227.000,9.000,0.000,0.000,1.444,1.186,1.889,0.807,12.630,9.444,11.000,17.444,-9.556,-4.889,14.444,17.444,0.458,2.292,7.000
84.000,200.000,9.000,0.000,0.000,4.722,2.703,2.500,1.531,56.667,50.667,70.222,49.111,-18.000,40.667,-22.667,70.222,0.301,-2.015,6.000
254.000,73.000,9.000,0.000,0.000,6.667,7.866,9.444,12.330,34.704,20.556,57.333,26.222,-42.444,67.889,-25.444,57.333,0.651,-2.256,3.000
199.000,100.000,9.000,0.000,0.000,2.389,1.441,2.444,6.030,6.074,2.778,11.556,3.889,-9.889,16.444,-6.556,11.556,0.774,-2.226,3.000
177.000,181.000,9.000,0.000,0.000,4.278,1.731,2.556,1.486,60.630,53.667,75.667,52.556,-20.889,45.111,-24.222,75.667,0.307,-2.045,6.000
18.000,90.000,9.000,0.000,0.000,1.056,0.374,0.667,0.222,2.815,0.556,6.889,1.000,-6.778,12.222,-5.444,6.889,0.926,-2.164,3.000
170.000,113.000,9.000,0.000,0.000,2.833,0.624,1.222,0.689,28.333,24.333,34.889,25.778,-12.000,19.667,-7.667,34.889,0.302,-2.236,5.000
189.000,141.000,9.000,0.000,0.000,0.000,0.000,0.000,0.000,0.000,0.000,0.000,0.000,0.000,0.000,0.000,0.000,0.000,0.000,5.000
80.000,184.000,9.000,0.000,0.000,3.444,11.852,4.167,5.856,17.630,13.556,17.111,22.222,-12.222,-1.556,13.778,22.222,0.398,2.524,7.000
147.000,193.000,9.000,0.000,0.000,6.611,3.605,7.056,5.410,51.741,46.556,63.000,45.667,-15.556,33.778,-18.222,63.000,0.275,-2.080,6.000
97.000,46.000,9.000,0.000,0.000,1.667,1.619,2.222,1.409,62.333,53.222,79.111,54.667,-27.333,50.333,-23.000,79.111,0.327,-2.152,4.000
235.000,88.000,9.000,0.000,0.000,0.611,0.241,0.944,0.330,2.778,0.444,6.444,1.444,-7.000,11.000,-4.000,6.444,0.938,-2.270,3.000
143.000,186.000,9.000,0.000,0.000,2.333,2.319,2.778,2.527,54.963,49.111,67.889,47.889,-17.556,38.778,-21.222,67.889,0.296,-2.029,6.000
196.000,95.000,9.000,0.000,0.000,1.722,1.124,1.333,1.265,7.630,6.778,10.778,5.333,-2.556,9.444,-6.889,10.778,0.513,-1.749,5.000
143.000,34.000,9.000,0.000,0.000,1.056,0.929,1.389,0.880,125.481,113.667,142.000,120.778,-35.444,49.556,-14.111,142.000,0.200,-2.357,2.000
89.000,53.000,9.000,0.000,0.000,2.111,1.719,2.833,3.011,27.074,22.778,38.333,20.111,-12.889,33.778,-20.889,38.333,0.475,-1.937,1.000
142.000,183.000,9.000,0.111,0.000,1.000,0.869,1.556,1.486,43.185,40.222,52.000,37.333,-8.889,26.444,-17.556,52.000,0.282,-1.888,6.000
189.000,187.000,9.000,0.000,0.000,1.222,1.004,3.056,2.389,48.519,44.111,59.889,41.556,-13.222,34.111,-20.889,59.889,0.306,-1.947,6.000
86.000,140.000,9.000,0.000,0.000,5.444,4.769,3.056,2.678,9.926,6.000,15.111,8.667,-11.778,15.556,-3.778,15.111,0.628,-2.418,3.000
174.000,188.000,9.000,0.000,0.000,2.889,2.880,3.611,2.235,50.407,45.444,62.000,43.778,-14.889,34.778,-19.889,62.000,0.294,-1.995,6.000
190.000,188.000,9.000,0.000,0.000,2.000,1.563,2.278,1.782,49.704,44.667,61.778,42.667,-15.111,36.222,-21.111,61.778,0.309,-1.985,6.000
81.000,158.000,9.000,0.000,0.000,2.833,1.144,1.444,1.763,21.037,16.778,29.000,17.333,-12.778,23.889,-11.111,29.000,0.419,-2.143,4.000
98.000,133.000,9.000,0.000,0.000,0.556,0.172,0.389,0.328,0.963,0.000,2.778,0.111,-2.889,5.444,-2.556,2.778,1.000,-2.123,3.000
58.000,128.000,9.000,0.111,0.000,2.944,1.756,2.444,1.682,16.481,10.111,25.889,13.444,-19.111,28.222,-9.111,25.889,0.613,-2.316,3.000
67.000,118.000,9.000,0.000,0.000,1.111,0.385,2.278,4.285,21.111,20.222,27.333,15.778,-2.667,18.667,-16.000,27.333,0.417,-1.621,1.000
217.000,23.000,9.000,0.000,0.000,1.056,0.612,1.167,0.548,124.444,111.889,141.667,119.778,-37.667,51.667,-14.000,141.667,0.210,-2.371,2.000
111.000,246.000,9.000,0.000,0.000,3.167,2.095,5.833,4.114,25.889,21.111,22.444,34.111,-14.333,-10.333,24.667,34.111,0.389,2.214,7.000
83.000,198.000,9.000,0.000,0.000,2.389,1.497,4.833,3.009,59.778,53.111,74.000,52.222,-20.000,42.667,-22.667,74.000,0.296,-2.051,6.000
121.000,120.000,9.000,0.000,0.000,0.944,0.251,0.722,0.880,3.519,1.111,6.556,2.889,-7.222,9.111,-1.889,6.556,0.840,-2.434,3.000
182.000,186.000,9.000,0.111,0.000,3.667,2.044,1.778,1.241,48.444,43.778,59.889,41.667,-14.000,34.333,-20.333,59.889,0.305,-1.973,6.000
86.000,88.000,9.000,0.111,0.000,2.056,1.885,1.722,3.396,21.148,21.444,26.333,15.667,0.889,15.556,-16.444,26.333,0.405,-1.513,1.000
191.000,101.000,9.000,0.000,0.000,1.111,0.779,1.111,1.186,45.037,39.000,57.111,39.000,-18.111,36.222,-18.111,57.111,0.323,-2.094,4.000
101.000,72.000,9.000,0.000,0.000,2.500,4.744,1.778,6.296,26.481,23.556,35.778,20.111,-8.778,27.889,-19.111,35.778,0.437,-1.846,1.000
180.000,116.000,9.000,0.000,0.000,2.944,1.611,1.333,0.816,33.185,29.111,41.667,28.778,-12.222,25.444,-13.222,41.667,0.309,-2.068,4.000
211.000,154.000,9.000,0.000,0.000,0.111,0.030,0.389,0.063,0.259,0.000,0.778,0.000,-0.778,1.556,-0.778,0.778,0.556,-2.094,5.000
33.000,132.000,9.000,0.111,0.000,1.056,0.998,1.722,0.998,1.963,0.667,4.222,1.000,-3.889,6.778,-2.889,4.222,0.677,-2.152,3.000
235.000,249.000,9.000,0.000,0.111,1.611,2.426,2.667,1.506,22.852,19.778,21.222,27.556,-9.222,-4.889,14.111,27.556,0.287,2.283,7.000
2.000,95.000,9.000,0.111,0.000,2.056,1.340,0.889,0.911,55.630,47.444,71.667,47.778,-24.556,48.111,-23.556,71.667,0.338,-2.108,4.000
197.000,58.000,9.000,0.000,0.000,0.833,0.624,1.444,1.004,122.259,110.444,138.778,117.556,-35.444,49.556,-14.111,138.778,0.204,-2.357,2.000
96.000,80.000,9.000,0.111,0.000,1.556,4.163,2.500,1.900,26.000,24.000,34.444,19.556,-6.000,25.333,-19.333,34.444,0.432,-1.774,1.000
27.000,189.000,9.000,0.000,0.000,1.000,0.311,2.611,2.507,32.778,29.000,40.667,28.667,-11.333,23.667,-12.333,40.667,0.298,-2.064,6.000
147.000,34.000,9.000,0.000,0.000,4.611,4.155,0.778,0.779,47.593,41.111,60.000,41.667,-19.444,37.222,-17.778,60.000,0.318,-2.123,4.000
58.000,217.000,9.000,0.000,0.000,1.389,1.063,1.667,1.350,11.926,9.778,9.000,17.000,-6.444,-8.778,15.222,17.000,0.487,2.007,7.000
166.000,185.000,9.000,0.000,0.000,1.944,0.251,2.000,0.211,54.222,48.556,67.222,46.889,-17.000,39.000,-22.000,67.222,0.303,-2.008,6.000
164.000,45.000,9.000,0.000,0.000,1.056,0.596,1.000,0.222,101.926,88.111,124.556,93.111,-41.444,67.889,-26.444,124.556,0.293,-2.238,2.000
124.000,183.000,9.000,0.000,0.000,1.778,0.430,2.278,4.196,18.185,14.222,17.111,23.222,-11.889,-3.222,15.111,23.222,0.390,2.428,7.000
13.000,103.000,9.000,0.000,0.000,1.389,0.596,2.278,2.152,16.148,17.667,19.111,11.667,4.556,8.889,-13.444,19.444,0.399,-1.219,1.000
18.000,123.000,9.000,0.000,0.000,0.722,0.863,0.611,0.419,1.074,0.111,2.667,0.444,-2.889,4.778,-1.889,2.667,0.981,-2.169,3.000
33.000,114.000,9.000,0.000,0.000,0.556,0.074,0.500,0.211,16.111,11.778,24.111,12.444,-13.000,24.000,-11.000,24.111,0.511,-2.149,5.000
184.000,15.000,9.000,0.000,0.000,0.444,0.252,0.778,0.119,140.778,134.333,150.111,137.889,-19.333,28.000,-8.667,150.111,0.105,-2.328,2.000
104.000,103.000,9.000,0.111,0.000,0.944,0.534,0.667,0.596,58.889,52.222,72.667,51.778,-20.000,41.333,-21.333,72.667,0.287,-2.071,4.000
112.000,201.000,9.000,0.000,0.000,2.833,1.295,3.111,1.785,21.296,16.667,20.333,26.889,-13.889,-2.889,16.778,26.889,0.382,2.468,7.000
83.000,126.000,9.000,0.000,0.000,0.722,0.534,0.944,0.574,11.185,5.222,20.000,8.333,-17.889,26.444,-8.556,20.000,0.739,-2.314,3.000
62.000,200.000,9.000,0.000,0.000,2.278,2.134,3.778,1.785,61.037,54.111,76.444,52.556,-20.778,46.222,-25.444,76.444,0.313,-2.027,6.000
113.000,130.000,9.000,0.000,0.000,0.278,0.251,0.333,0.365,0.889,0.000,2.556,0.111,-2.667,5.000,-2.333,2.556,1.000,-2.123,3.000
131.000,15.000,9.000,0.111,0.000,0.889,1.052,1.889,2.163,130.148,119.667,145.333,125.444,-31.444,45.556,-14.111,145.333,0.176,-2.325,2.000
96.000,119.000,9.000,0.000,0.000,0.333,0.089,0.556,0.207,1.444,0.000,4.222,0.111,-4.333,8.333,-4.000,4.222,1.000,-2.114,3.000
12.000,154.000,9.000,0.000,0.000,3.222,3.052,2.333,3.200,19.704,14.889,28.556,15.667,-14.444,26.556,-12.111,28.556,0.480,-2.143,4.000
28.000,188.000,9.000,0.000,0.000,1.444,1.496,5.111,19.007,29.963,26.889,36.444,26.556,-9.222,19.444,-10.222,36.444,0.276,-2.084,6.000
26.000,93.000,9.000,0.000,0.000,2.500,0.211,2.111,9.141,20.370,18.889,26.778,15.444,-4.444,19.222,-14.778,26.778,0.419,-1.730,1.000
138.000,133.000,9.000,0.000,0.000,0.667,0.444,1.167,0.211,6.444,7.778,7.889,3.667,4.000,4.333,-8.333,8.222,0.558,-1.078,1.000
4.000,248.000,9.000,0.000,0.000,3.333,1.814,3.222,1.259,19.556,15.556,16.667,26.444,-12.000,-8.667,20.667,26.444,0.422,2.205,7.000
173.000,158.000,9.000,0.111,0.000,1.889,3.674,1.167,0.478,8.370,7.111,11.778,6.222,-3.778,10.222,-6.444,11.778,0.473,-1.905,4.000
96.000,133.000,9.000,0.000,0.000,0.056,0.019,0.222,0.030,0.481,0.000,1.444,0.000,-1.444,2.889,-1.444,1.444,1.000,-2.094,3.000
42.000,57.000,9.000,0.000,0.000,1.389,0.976,1.000,0.365,65.704,59.444,79.444,58.222,-18.778,41.222,-22.444,79.444,0.267,-2.031,4.000
146.000,201.000,9.000,0.000,0.000,0.611,0.328,1.056,0.800,10.667,8.667,7.000,16.333,-6.000,-11.000,17.000,16.333,0.571,1.909,7.000
118.000,126.000,9.000,0.000,0.000,0.667,0.400,1.833,2.122,20.556,16.111,28.667,16.889,-13.333,24.333,-11.000,28.667,0.437,-2.159,4.000
133.000,181.000,9.000,0.000,0.000,2.389,2.165,4.778,2.865,41.259,37.778,49.556,36.444,-10.444,24.889,-14.444,49.556,0.266,-1.998,6.000
33.000,108.000,9.000,0.000,0.000,2.944,4.596,6.833,16.833,40.000,36.000,48.222,35.778,-12.000,24.667,-12.667,48.222,0.267,-2.080,4.000
151.000,57.000,9.000,0.000,0.000,1.056,0.774,1.611,0.419,100.444,86.222,122.222,92.889,-42.667,65.333,-22.667,122.222,0.295,-2.288,2.000
212.000,239.000,9.000,0.000,0.000,1.944,1.452,2.333,2.821,10.370,7.667,9.667,13.778,-8.111,-2.111,10.222,13.778,0.446,2.426,7.000
54.000,133.000,9.000,0.000,0.000,1.556,1.007,0.500,0.344,5.370,3.667,9.000,3.444,-5.111,10.889,-5.778,9.000,0.630,-2.048,5.000
235.000,81.000,9.000,0.000,0.000,1.389,0.419,0.778,0.296,3.481,1.000,7.444,2.000,-7.444,11.889,-4.444,7.444,0.881,-2.248,3.000
59.000,120.000,9.000,0.000,0.000,2.167,1.986,1.444,1.870,19.074,10.556,33.111,13.556,-25.556,42.111,-16.556,33.111,0.681,-2.231,3.000
172.000,218.000,9.000,0.000,0.000,2.556,2.430,1.611,2.419,14.926,11.889,13.778,19.111,-9.111,-3.444,12.556,19.111,0.386,2.362,7.000
53.000,78.000,9.000,0.111,0.000,1.222,1.026,2.667,2.290,106.852,93.222,125.667,101.667,-40.889,56.444,-15.556,125.667,0.258,-2.368,2.000
138.000,21.000,9.000,0.000,0.000,0.667,0.760,1.000,0.516,127.296,116.222,143.111,122.556,-33.222,47.444,-14.222,143.111,0.188,-2.339,2.000
59.000,139.000,9.000,0.000,0.000,6.889,6.963,1.667,0.800,16.370,12.444,23.667,13.000,-11.778,21.889,-10.111,23.667,0.483,-2.118,4.000
191.000,119.000,9.000,0.000,0.000,1.111,1.294,0.944,0.772,39.852,36.222,48.222,35.111,-10.889,25.111,-14.222,48.222,0.272,-2.006,4.000
108.000,111.000,9.000,0.000,0.000,0.556,0.163,2.556,0.385,3.815,4.111,5.556,1.778,0.889,5.222,-6.111,5.556,0.716,-1.437,1.000
100.000,124.000,9.000,0.000,0.000,0.278,0.063,1.000,0.444,7.074,8.222,8.778,4.222,3.444,5.111,-8.556,9.000,0.531,-1.157,1.000
247.000,197.000,9.000,0.000,0.000,0.333,0.044,0.611,0.063,6.000,4.111,4.000,9.889,-5.667,-6.000,11.667,9.889,0.617,2.075,7.000
113.000,96.000,9.000,0.000,0.000,0.944,0.507,1.111,0.341,3.815,1.111,8.556,1.778,-8.111,14.222,-6.111,8.556,0.872,-2.186,3.000
214.000,121.000,9.000,0.000,0.000,0.278,0.063,0.111,0.074,1.148,0.000,3.333,0.111,-3.444,6.556,-3.111,3.333,1.000,-2.133,3.000
152.000,152.000,9.000,0.000,0.000,0.167,0.033,2.111,4.341,1.407,1.000,2.444,0.778,-1.222,3.111,-1.889,2.444,0.439,-2.000,5.000
137.000,147.000,9.000,0.111,0.000,1.556,1.274,2.056,2.819,27.222,20.556,38.667,22.444,-20.000,34.333,-14.333,38.667,0.468,-2.205,4.000
170.000,159.000,9.000,0.111,0.000,2.278,1.421,1.611,1.182,20.519,20.333,22.333,18.889,-0.556,5.444,-4.889,22.333,0.151,-1.597,4.000
222.000,54.000,9.000,0.000,0.000,1.167,0.167,1.000,0.844,134.333,127.556,145.556,129.889,-20.333,33.667,-13.333,145.556,0.124,-2.232,2.000
155.000,80.000,9.000,0.000,0.000,1.000,0.178,1.444,0.696,96.333,82.444,119.333,87.222,-41.667,69.000,-27.333,119.333,0.309,-2.229,2.000
174.000,152.000,9.000,0.000,0.000,0.000,0.000,0.000,0.000,0.000,0.000,0.000,0.000,0.000,0.000,0.000,0.000,0.000,0.000,5.000
121.000,107.000,9.000,0.000,0.000,1.556,0.874,13.167,5.589,54.000,49.444,64.444,48.111,-13.667,31.333,-17.667,64.444,0.253,-2.004,4.000
188.000,42.000,9.000,0.000,0.000,0.778,0.544,1.667,1.265,108.926,95.667,126.222,104.889,-39.778,51.889,-12.111,126.222,0.242,-2.410,2.000
70.000,71.000,9.000,0.111,0.000,2.111,1.807,2.833,2.078,22.778,21.889,29.667,16.778,-2.667,20.667,-18.000,29.667,0.434,-1.668,1.000
229.000,147.000,9.000,0.000,0.111,4.056,14.063,2.500,1.278,27.296,20.889,38.667,22.333,-19.222,34.111,-14.889,38.667,0.457,-2.174,4.000
67.000,64.000,9.000,0.000,0.000,2.111,2.119,2.389,3.441,22.481,22.000,28.889,16.556,-1.444,19.222,-17.778,28.889,0.427,-1.626,1.000
61.000,202.000,9.000,0.000,0.000,2.278,1.879,1.889,1.004,61.630,55.000,76.000,53.889,-19.889,43.111,-23.222,76.000,0.294,-2.044,6.000
132.000,84.000,9.000,0.000,0.000,3.000,1.229,0.889,0.455,8.889,7.333,11.778,7.556,-4.667,8.667,-4.000,11.778,0.380,-2.137,4.000
51.000,56.000,9.000,0.000,0.000,0.889,0.163,0.722,0.107,126.444,116.222,141.667,121.444,-30.667,45.667,-15.000,141.667,0.179,-2.308,2.000
4.000,201.000,9.000,0.000,0.222,2.722,1.679,5.222,3.125,53.704,47.111,67.222,46.778,-19.778,40.556,-20.778,67.222,0.309,-2.075,6.000
126.000,80.000,9.000,0.000,0.000,21.056,530.552,34.611,409.396,68.778,60.333,79.556,66.444,-25.333,32.333,-7.000,79.556,0.290,-2.434,3.000
34.000,131.000,9.000,0.000,0.000,0.333,0.178,0.722,0.552,0.815,0.333,1.889,0.222,-1.444,3.222,-1.778,1.889,0.926,-2.056,5.000
47.000,127.000,9.000,0.000,0.000,1.167,0.960,1.056,0.491,17.593,9.000,30.111,13.667,-25.778,37.556,-11.778,30.111,0.701,-2.326,3.000
120.000,89.000,9.000,0.111,0.000,4.000,9.556,5.833,11.856,10.481,5.778,17.111,8.556,-14.111,19.889,-5.778,17.111,0.687,-2.357,3.000
238.000,162.000,9.000,0.222,0.000,0.944,0.712,2.667,0.730,19.000,15.778,17.333,23.889,-9.667,-5.000,14.667,23.889,0.340,2.291,7.000
8.000,21.000,9.000,0.111,0.000,0.611,0.443,2.056,1.219,125.593,113.444,142.444,120.889,-36.444,50.556,-14.111,142.444,0.204,-2.363,2.000
23.000,86.000,9.000,0.000,0.000,0.889,0.652,1.722,1.307,18.593,18.556,23.556,13.667,-0.111,14.889,-14.778,23.556,0.418,-1.542,1.000
180.000,186.000,9.000,0.111,0.000,1.500,1.798,1.944,1.782,49.630,45.000,61.333,42.556,-13.889,35.111,-21.222,61.333,0.306,-1.958,6.000
20.000,117.000,9.000,0.000,0.000,0.000,0.000,0.000,0.000,0.000,0.000,0.000,0.000,0.000,0.000,0.000,0.000,0.000,0.000,3.000
10.000,137.000,9.000,0.000,0.000,0.556,0.074,0.278,0.019,0.926,0.111,2.667,0.000,-2.444,5.222,-2.778,2.667,1.000,-2.056,5.000
247.000,174.000,9.000,0.111,0.000,3.111,2.681,3.167,1.546,56.185,49.444,70.889,48.222,-20.222,44.111,-23.889,70.889,0.323,-2.037,6.000
144.000,35.000,9.000,0.000,0.000,2.333,2.033,2.056,1.731,37.593,32.333,47.444,33.000,-15.778,29.556,-13.778,47.444,0.320,-2.139,4.000
98.000,119.000,9.000,0.222,0.000,1.444,0.519,2.556,5.585,21.593,21.333,27.333,16.111,-0.778,17.222,-16.444,27.333,0.408,-1.579,1.000
97.000,77.000,9.000,0.000,0.111,1.222,1.852,4.444,6.563,25.185,24.111,32.333,19.111,-3.222,21.444,-18.222,32.333,0.408,-1.677,1.000
222.000,38.000,9.000,0.111,0.000,0.556,0.404,2.111,0.689,113.481,100.444,131.444,108.556,-39.111,53.889,-14.778,131.444,0.236,-2.370,2.000
142.000,100.000,9.000,0.000,0.000,0.667,0.267,1.389,0.907,22.222,21.778,28.444,16.444,-1.333,18.667,-17.333,28.444,0.422,-1.623,1.000
30.000,91.000,9.000,0.000,0.000,3.389,6.463,3.278,9.041,6.259,2.444,12.111,4.222,-11.444,17.556,-6.111,12.111,0.823,-2.283,3.000
217.000,115.000,9.000,0.000,0.000,1.167,0.344,0.556,0.385,1.889,0.222,4.667,0.778,-5.000,8.333,-3.333,4.667,0.963,-2.217,3.000
253.000,192.000,9.000,0.000,0.000,2.167,2.008,2.556,1.544,47.519,42.333,59.222,41.000,-15.556,35.111,-19.556,59.222,0.307,-2.020,6.000
141.000,17.000,9.000,0.111,0.222,3.722,4.449,5.000,2.319,44.593,40.333,54.000,39.444,-12.778,28.222,-15.444,54.000,0.268,-2.030,4.000
77.000,185.000,9.000,0.000,0.000,2.944,7.663,6.222,32.119,32.556,29.222,39.667,28.778,-10.000,21.333,-11.333,39.667,0.270,-2.085,6.000
127.000,120.000,9.000,0.000,0.000,0.500,0.478,0.722,0.596,1.519,0.111,4.111,0.333,-4.222,7.778,-3.556,4.111,0.984,-2.133,3.000
95.000,131.000,9.000,0.000,0.000,0.556,0.163,1.333,0.711,5.333,6.889,6.111,3.000,4.667,2.333,-7.000,7.222,0.593,-0.851,1.000
53.000,134.000,9.000,0.000,0.000,2.167,0.300,0.278,0.019,6.963,4.667,11.222,5.000,-6.889,12.778,-5.889,11.222,0.587,-2.138,5.000
115.000,183.000,9.000,0.000,0.000,1.056,0.772,4.722,1.020,19.852,14.556,19.000,26.000,-15.889,-2.556,18.444,26.000,0.450,2.507,7.000
198.000,183.000,9.000,0.000,0.000,1.056,1.182,3.389,1.597,54.037,48.889,66.556,46.667,-15.444,37.556,-22.111,66.556,0.299,-1.975,6.000
214.000,195.000,9.000,0.000,0.000,0.833,0.658,2.000,0.966,46.556,41.111,57.333,41.222,-16.333,32.333,-16.000,57.333,0.290,-2.101,6.000
147.000,69.000,9.000,0.000,0.000,2.056,2.907,1.889,2.563,25.667,23.444,34.444,19.111,-6.667,26.333,-19.667,34.444,0.445,-1.791,1.000
134.000,191.000,9.000,0.000,0.000,1.389,1.307,1.444,1.089,61.667,54.778,76.667,53.556,-20.667,45.000,-24.333,76.667,0.303,-2.041,6.000
71.000,180.000,9.000,0.111,0.000,1.222,0.563,3.000,1.867,22.333,18.333,21.444,27.222,-12.000,-2.667,14.667,27.222,0.327,2.454,7.000
166.000,55.000,9.000,0.000,0.000,1.389,0.819,1.167,0.700,124.111,113.889,139.333,119.111,-30.667,45.667,-15.000,139.333,0.183,-2.308,2.000
236.000,117.000,9.000,0.000,0.000,0.778,0.404,1.278,0.743,45.889,39.556,58.444,39.667,-19.000,37.667,-18.667,58.444,0.330,-2.099,4.000
40.000,142.000,9.000,0.000,0.000,0.278,0.136,0.222,0.172,1.222,0.111,3.556,0.000,-3.333,7.000,-3.667,3.556,1.000,-2.056,5.000
21.000,122.000,9.000,0.000,0.000,0.444,0.404,0.444,0.404,0.556,0.000,1.222,0.444,-1.667,2.000,-0.333,1.222,0.556,-2.445,3.000
193.000,154.000,9.000,0.000,0.000,1.722,2.552,2.000,1.867,28.148,21.556,39.556,23.333,-19.778,34.222,-14.444,39.556,0.454,-2.191,4.000
145.000,185.000,9.000,0.111,0.000,2.778,2.257,2.222,1.951,56.259,49.889,69.889,49.000,-19.111,40.889,-21.778,69.889,0.302,-2.051,6.000
19.000,147.000,9.000,0.000,0.000,0.222,0.074,0.500,0.078,4.148,3.889,6.667,1.889,-0.778,7.556,-6.778,7.000,0.713,-1.476,1.000
242.000,183.000,9.000,0.000,0.000,1.500,0.937,2.167,1.798,15.370,12.667,12.444,21.000,-8.111,-8.778,16.889,21.000,0.420,2.076,7.000
131.000,214.000,9.000,0.000,0.000,0.778,0.652,1.278,0.241,6.815,5.000,4.778,10.667,-5.444,-6.111,11.556,10.667,0.568,2.058,7.000
140.000,16.000,9.000,0.000,0.000,0.500,0.344,0.889,0.385,111.815,99.111,131.111,105.222,-38.111,57.889,-19.778,131.111,0.244,-2.294,2.000
56.000,107.000,9.000,0.000,0.111,4.556,13.407,6.778,23.185,7.963,4.556,13.000,6.333,-10.222,15.111,-4.889,13.000,0.731,-2.292,3.000
179.000,101.000,9.000,0.000,0.000,0.444,0.385,0.611,0.330,134.926,126.444,147.222,131.111,-25.444,36.889,-11.444,147.222,0.141,-2.329,2.000
2.000,44.000,9.000,0.000,0.000,2.167,2.389,2.389,1.530,18.741,17.333,25.222,13.667,-4.222,19.444,-15.222,25.222,0.458,-1.754,1.000
158.000,76.000,9.000,0.000,0.000,0.833,0.658,3.278,3.065,34.852,31.889,42.000,30.667,-8.889,21.444,-12.556,42.000,0.270,-1.981,4.000
81.000,79.000,9.000,0.000,0.000,0.444,0.074,0.889,0.652,45.815,42.889,53.889,40.667,-8.778,24.222,-15.444,53.889,0.245,-1.919,4.000
220.000,36.000,9.000,0.000,0.000,0.944,0.800,1.056,0.854,114.037,100.778,132.444,108.889,-39.778,55.222,-15.444,132.444,0.239,-2.362,2.000
171.000,89.000,9.000,0.000,0.000,0.000,0.000,0.000,0.000,0.000,0.000,0.000,0.000,0.000,0.000,0.000,0.000,0.000,0.000,5.000
248.000,53.000,9.000,0.000,0.000,0.722,0.285,0.833,0.700,134.778,128.222,145.778,130.333,-19.667,33.000,-13.333,145.778,0.121,-2.217,2.000
200.000,215.000,9.000,0.000,0.000,1.556,0.958,4.722,2.645,23.037,17.111,22.556,29.444,-17.778,-1.444,19.222,29.444,0.421,2.561,7.000
18.000,142.000,9.000,0.000,0.000,0.778,0.652,0.278,0.152,0.556,0.111,1.333,0.222,-1.333,2.333,-1.000,1.333,0.417,-2.160,3.000
189.000,39.000,9.000,0.000,0.000,1.056,0.574,0.778,0.584,124.185,113.889,140.333,118.333,-30.889,48.444,-17.556,140.333,0.188,-2.268,2.000
193.000,142.000,9.000,0.111,0.000,0.389,0.063,1.722,0.152,4.815,6.778,5.222,2.444,5.889,1.222,-7.111,6.778,0.646,-0.675,1.000
196.000,100.000,9.000,0.000,0.000,7.278,83.352,5.778,68.874,8.148,4.667,13.333,6.444,-10.444,15.556,-5.111,13.333,0.738,-2.290,3.000
185.000,102.000,9.000,0.000,0.000,11.056,73.707,0.444,0.207,56.778,51.111,69.111,50.111,-17.000,37.000,-20.000,69.111,0.274,-2.034,4.000
21.000,90.000,9.000,0.000,0.000,0.667,0.044,0.778,0.563,113.481,105.889,128.556,106.000,-22.778,45.222,-22.444,128.556,0.180,-2.098,2.000
65.000,176.000,9.000,0.000,0.000,2.889,1.471,1.500,1.169,49.741,45.222,61.000,43.000,-13.556,33.778,-20.222,61.000,0.295,-1.966,6.000
222.000,194.000,9.000,0.000,0.000,2.278,1.143,2.278,1.421,20.185,16.556,17.889,26.111,-10.889,-6.889,17.778,26.111,0.372,2.224,7.000
163.000,43.000,9.000,0.000,0.000,0.833,0.433,0.833,0.611,126.481,117.333,140.556,121.556,-27.444,42.222,-14.778,140.556,0.165,-2.280,2.000
203.000,120.000,9.000,0.000,0.000,3.333,3.911,4.278,9.263,49.407,44.889,59.333,44.000,-13.556,29.778,-16.222,59.333,0.263,-2.035,4.000
173.000,152.000,9.000,0.000,0.000,0.000,0.000,0.000,0.000,0.000,0.000,0.000,0.000,0.000,0.000,0.000,0.000,0.000,0.000,5.000
88.000,88.000,9.000,0.000,0.000,0.833,0.478,2.889,2.385,22.148,21.333,28.444,16.667,-2.444,18.889,-16.444,28.444,0.413,-1.654,1.000
238.000,98.000,9.000,0.000,0.000,1.333,1.289,1.278,0.596,52.852,47.556,64.667,46.333,-15.889,35.444,-19.556,64.667,0.285,-2.026,4.000
88.000,136.000,9.000,0.000,0.000,1.833,1.150,2.056,2.113,8.000,4.111,13.222,6.667,-11.667,15.667,-4.000,13.222,0.695,-2.413,3.000
26.000,67.000,9.000,0.111,0.000,1.000,0.889,2.444,3.185,20.000,19.556,25.889,14.556,-1.333,17.667,-16.333,25.889,0.437,-1.623,1.000
76.000,249.000,9.000,0.111,0.000,2.056,2.063,2.333,5.511,13.370,12.222,13.111,14.778,-3.444,-0.778,4.222,15.000,0.203,2.563,7.000
37.000,167.000,9.000,0.000,0.000,0.889,0.563,7.556,4.607,14.074,11.667,16.778,13.778,-7.222,8.111,-0.889,17.667,0.315,-3.015,7.000
22.000,114.000,9.000,0.111,0.000,0.944,1.163,1.167,0.408,30.481,24.444,40.778,26.222,-18.111,30.889,-12.778,40.778,0.401,-2.207,5.000
67.000,194.000,9.000,0.000,0.000,3.722,1.497,6.444,3.965,58.815,51.778,72.556,52.111,-21.111,41.222,-20.111,72.556,0.287,-2.113,6.000
44.000,79.000,9.000,0.000,0.000,0.444,0.344,0.778,0.404,107.741,93.889,126.556,102.778,-41.556,56.444,-14.889,126.556,0.258,-2.378,2.000
142.000,163.000,9.000,0.000,0.000,1.500,0.878,17.667,3.244,40.444,35.000,48.556,37.778,-16.333,24.333,-8.000,48.556,0.269,-2.393,6.000
8.000,93.000,9.000,0.000,0.000,0.833,0.459,1.056,0.929,19.889,15.111,28.889,15.667,-14.333,27.000,-12.667,28.889,0.480,-2.136,5.000
79.000,28.000,9.000,0.000,0.000,4.278,3.762,0.833,0.658,62.407,53.444,79.111,54.667,-26.889,50.111,-23.222,79.111,0.325,-2.145,4.000
17.000,94.000,9.000,0.000,0.000,1.722,3.174,1.056,0.952,20.037,15.778,28.667,15.667,-12.778,25.889,-13.111,28.667,0.458,-2.084,5.000
208.000,34.000,9.000,0.000,0.000,1.722,1.731,0.444,0.502,14.444,10.778,21.000,11.556,-11.000,19.667,-8.667,21.000,0.480,-2.162,5.000
25.000,198.000,9.000,0.000,0.000,2.833,1.346,4.111,3.344,48.704,42.778,61.000,42.333,-17.778,36.889,-19.111,61.000,0.310,-2.071,6.000
2.000,190.000,9.000,0.000,0.000,2.556,1.452,2.500,2.967,31.667,28.000,40.111,26.889,-11.000,25.333,-14.333,40.111,0.329,-2.008,6.000
3.000,78.000,9.000,0.000,0.111,14.833,356.167,43.333,662.355,79.667,70.778,91.444,76.778,-26.667,35.333,-8.667,91.444,0.270,-2.412,3.000
170.000,62.000,9.000,0.000,0.000,0.000,0.000,0.000,0.000,0.000,0.000,0.000,0.000,0.000,0.000,0.000,0.000,0.000,0.000,5.000
215.000,193.000,9.000,0.000,0.000,2.000,0.516,4.833,1.295,45.222,40.889,55.333,39.444,-13.000,30.333,-17.333,55.333,0.289,-2.000,6.000
241.000,137.000,9.000,0.000,0.111,4.278,18.685,3.833,37.500,5.000,2.556,9.000,3.444,-7.333,12.000,-4.667,9.000,0.837,-2.194,3.000
57.000,229.000,9.000,0.000,0.000,2.722,2.059,3.444,1.409,14.630,12.000,13.556,18.333,-7.889,-3.222,11.111,18.333,0.348,2.350,7.000
99.000,107.000,9.000,0.111,0.000,1.556,2.030,3.333,2.267,18.630,19.444,23.000,13.444,2.444,13.111,-15.556,23.111,0.414,-1.370,1.000
7.000,154.000,9.000,0.000,0.111,3.056,3.832,3.833,2.178,50.704,44.556,64.000,43.556,-18.444,39.889,-21.444,64.000,0.321,-2.033,4.000
237.000,192.000,9.000,0.111,0.000,0.833,0.548,4.389,3.524,46.370,41.111,57.667,40.333,-15.778,33.889,-18.111,57.667,0.303,-2.047,6.000
131.000,144.000,9.000,0.000,0.000,0.000,0.000,0.000,0.000,0.000,0.000,0.000,0.000,0.000,0.000,0.000,0.000,0.000,0.000,5.000
217.000,208.000,9.000,0.000,0.000,2.500,2.167,2.667,2.444,16.074,12.667,14.444,21.111,-10.222,-4.889,15.111,21.111,0.402,2.311,7.000
73.000,117.000,9.000,0.000,0.000,1.556,0.963,0.611,0.774,1.333,0.222,3.556,0.222,-3.333,6.667,-3.333,3.556,0.968,-2.094,3.000
171.000,15.000,9.000,0.000,0.000,0.667,0.558,0.667,0.699,113.741,100.111,132.000,109.111,-40.889,54.778,-13.889,132.000,0.242,-2.389,2.000
185.000,85.000,9.000,0.000,0.000,9.278,81.485,2.833,9.189,49.148,45.000,59.556,42.889,-12.444,31.222,-18.778,59.556,0.279,-1.954,4.000
100.000,155.000,9.000,0.000,0.000,0.500,0.459,0.833,0.350,23.333,20.000,20.667,29.333,-10.000,-8.000,18.000,29.333,0.318,2.169,7.000
224.000,124.000,9.000,0.000,0.000,1.556,1.294,1.889,1.186,43.519,36.778,56.333,37.444,-20.222,38.444,-18.222,56.333,0.348,-2.128,4.000
231.000,30.000,9.000,0.000,0.111,0.722,0.712,3.000,2.797,7.037,4.778,11.667,4.667,-6.778,13.889,-7.111,11.667,0.614,-2.047,5.000
96.000,236.000,9.000,0.000,0.000,1.722,3.841,1.722,1.130,13.963,10.778,12.444,18.667,-9.556,-4.556,14.111,18.667,0.424,2.321,7.000
169.000,137.000,9.000,0.000,0.000,1.500,0.478,8.444,50.074,25.333,18.667,36.556,20.778,-20.000,33.667,-13.667,36.556,0.503,-2.213,5.000
212.000,48.000,9.000,0.000,0.000,0.556,0.252,0.556,0.074,122.370,112.222,138.111,116.778,-30.444,47.222,-16.778,138.111,0.187,-2.279,2.000
39.000,137.000,9.000,0.000,0.000,0.222,0.030,0.278,0.107,1.370,0.000,4.111,0.000,-4.111,8.222,-4.111,4.111,1.000,-2.094,5.000
52.000,170.000,9.000,0.000,0.000,0.556,0.455,0.944,0.390,25.444,20.111,25.333,30.889,-16.000,-0.333,16.333,30.889,0.349,2.604,7.000
24.000,83.000,9.000,0.000,0.000,2.778,4.919,3.611,2.374,18.741,19.111,23.222,13.889,1.111,13.444,-14.556,23.333,0.400,-1.457,1.000
197.000,105.000,9.000,0.000,0.000,3.722,15.663,3.667,14.400,4.148,1.667,8.333,2.444,-7.444,12.556,-5.111,8.333,0.886,-2.205,3.000
157.000,85.000,9.000,0.000,0.000,1.222,1.241,0.222,0.172,18.926,14.556,26.889,15.333,-13.111,23.889,-10.778,26.889,0.459,-2.161,5.000
34.000,169.000,9.000,0.000,0.000,0.833,0.506,1.611,0.880,12.815,10.667,9.778,18.000,-6.444,-9.111,15.556,18.000,0.464,1.993,7.000
33.000,94.000,9.000,0.000,0.000,1.333,0.211,2.556,1.642,5.889,3.222,7.778,6.667,-8.000,5.667,2.333,7.778,0.610,-2.870,3.000
212.000,235.000,9.000,0.000,0.000,1.444,1.456,1.944,2.265,25.889,21.111,24.000,32.556,-14.333,-5.667,20.000,32.556,0.352,2.356,7.000
186.000,90.000,9.000,0.000,0.000,4.444,1.456,0.667,0.471,10.037,7.556,15.000,7.556,-7.444,14.889,-7.444,15.000,0.534,-2.067,5.000
64.000,49.000,9.000,0.000,0.000,0.944,0.241,0.722,0.419,108.889,97.111,128.889,100.667,-35.333,60.000,-24.667,128.889,0.246,-2.212,2.000
149.000,77.000,9.000,0.000,0.000,2.111,3.941,2.444,6.030,24.481,23.444,31.556,18.444,-3.111,21.222,-18.111,31.556,0.416,-1.690,1.000
94.000,135.000,9.000,0.000,0.000,2.278,1.263,0.556,0.385,2.185,0.778,4.889,0.889,-4.222,8.111,-3.889,4.889,0.888,-2.111,5.000
236.000,115.000,9.000,0.000,0.000,4.389,3.663,0.444,0.074,14.741,10.667,22.222,11.333,-12.222,22.444,-10.222,22.222,0.533,-2.152,5.000
43.000,141.000,9.000,0.000,0.000,0.444,0.172,0.167,0.183,0.778,0.000,2.333,0.000,-2.333,4.667,-2.333,2.333,1.000,-2.094,5.000
25.000,91.000,9.000,0.000,0.000,1.611,4.374,1.389,0.996,3.889,0.889,8.111,2.667,-9.000,12.667,-3.667,8.111,0.911,-2.355,3.000
139.000,121.000,9.000,0.000,0.000,1.056,0.419,1.167,0.833,3.704,0.778,7.778,2.556,-8.778,12.222,-3.444,7.778,0.907,-2.352,3.000
4.000,126.000,9.000,0.000,0.000,1.167,0.744,0.944,0.596,57.815,52.333,70.444,50.667,-16.444,37.889,-21.444,70.444,0.281,-2.006,4.000
96.000,84.000,9.000,0.000,0.000,1.500,1.278,1.611,2.285,23.852,23.556,30.000,18.000,-0.889,18.444,-17.556,30.000,0.399,-1.599,1.000
71.000,187.000,9.000,0.000,0.000,2.000,1.633,3.556,1.870,18.667,14.667,16.222,25.111,-12.000,-7.333,19.333,25.111,0.431,2.254,7.000
11.000,62.000,9.000,0.000,0.000,0.889,0.502,0.722,0.390,66.778,57.444,84.667,58.222,-28.000,53.667,-25.667,84.667,0.323,-2.124,4.000
66.000,101.000,9.000,0.111,0.000,0.722,0.330,2.222,0.652,19.037,19.667,23.556,13.889,1.889,13.556,-15.444,23.556,0.410,-1.458,1.000
205.000,190.000,9.000,0.000,0.000,1.278,0.998,1.611,1.124,49.481,44.778,60.667,43.000,-14.111,33.556,-19.444,60.667,0.291,-1.988,6.000
103.000,39.000,9.000,0.000,0.000,0.500,0.300,1.111,0.430,127.519,116.556,142.889,123.111,-32.889,46.111,-13.222,142.889,0.184,-2.353,2.000
130.000,102.000,9.000,0.000,0.000,7.278,73.796,9.444,90.919,14.370,10.111,20.222,12.778,-12.778,17.556,-4.778,20.222,0.575,-2.379,3.000
39.000,246.000,9.000,0.111,0.000,2.278,3.263,1.833,2.433,15.370,12.556,13.111,20.444,-8.444,-6.778,15.222,20.444,0.394,2.171,7.000
94.000,246.000,9.000,0.000,0.000,2.333,1.619,2.722,0.772,22.815,18.889,19.667,29.889,-11.778,-9.444,21.222,29.889,0.375,2.159,7.000
150.000,152.000,9.000,0.000,0.000,0.111,0.030,2.056,3.574,1.370,1.000,2.333,0.778,-1.111,2.889,-1.778,2.333,0.537,-2.007,5.000
127.000,118.000,9.000,0.000,0.000,11.556,10.230,0.833,0.691,34.333,30.778,41.667,30.556,-10.667,22.000,-11.333,41.667,0.294,-2.078,4.000
197.000,229.000,9.000,0.000,0.000,1.389,1.574,1.167,0.567,17.741,14.111,17.889,21.222,-10.889,0.444,10.444,21.222,0.336,2.652,7.000
146.000,140.000,9.000,0.000,0.000,1.056,0.463,1.000,0.578,6.333,7.889,7.333,3.778,4.667,3.000,-7.667,8.222,0.537,-0.909,1.000
84.000,62.000,9.000,0.000,0.000,0.722,0.491,0.944,0.772,61.037,53.444,76.222,53.444,-22.778,45.556,-22.778,76.222,0.303,-2.094,4.000
205.000,204.000,9.000,0.000,0.000,1.556,0.958,1.889,1.772,19.000,14.333,17.111,25.556,-14.000,-5.667,19.667,25.556,0.439,2.349,7.000
91.000,247.000,9.000,0.000,0.000,2.667,1.247,2.222,1.425,12.630,9.556,12.444,15.889,-9.222,-0.556,9.778,15.889,0.402,2.553,7.000
251.000,24.000,9.000,0.000,0.000,1.167,0.967,1.611,0.419,121.630,110.778,137.778,116.333,-32.556,48.444,-15.889,137.778,0.196,-2.308,2.000
19.000,55.000,9.000,0.000,0.000,1.444,2.830,1.278,0.863,21.037,20.556,26.667,15.889,-1.444,16.889,-15.444,26.667,0.405,-1.634,1.000
57.000,119.000,9.000,0.000,0.000,2.278,2.027,1.778,1.721,20.593,12.222,33.667,15.889,-25.111,39.222,-14.111,33.667,0.636,-2.268,3.000
48.000,139.000,9.000,0.000,0.000,2.444,1.682,1.833,1.049,48.222,42.556,60.444,41.667,-17.000,36.667,-19.667,60.444,0.311,-2.044,4.000
203.000,133.000,9.000,0.000,0.000,0.111,0.030,0.111,0.030,0.593,0.000,1.778,0.000,-1.778,3.556,-1.778,1.778,1.000,-2.094,5.000
199.000,120.000,9.000,0.000,0.000,5.778,4.952,0.944,0.443,51.074,48.222,59.222,45.778,-8.556,24.444,-15.889,59.222,0.225,-1.896,4.000
77.000,185.000,9.000,0.000,0.000,2.944,7.663,6.222,32.119,32.556,29.222,39.667,28.778,-10.000,21.333,-11.333,39.667,0.270,-2.085,6.000
44.000,50.000,9.000,0.000,0.000,1.167,0.960,1.056,0.390,65.111,57.333,80.333,57.667,-23.333,45.667,-22.333,80.333,0.290,-2.108,4.000
76.000,134.000,9.000,0.111,0.000,2.556,1.440,1.444,0.544,48.926,41.889,63.111,41.778,-21.111,42.556,-21.444,63.111,0.341,-2.087,4.000
180.000,224.000,9.000,0.000,0.000,3.722,3.707,3.611,5.619,15.185,11.667,13.333,20.556,-10.556,-5.556,16.111,20.556,0.443,2.298,7.000
85.000,101.000,9.000,0.000,0.000,1.333,1.289,1.278,1.219,21.296,21.222,26.778,15.889,-0.222,16.444,-16.222,26.778,0.405,-1.559,1.000
196.000,241.000,9.000,0.000,0.000,1.556,1.129,1.167,1.206,8.259,5.889,7.000,11.889,-7.111,-3.778,10.889,11.889,0.509,2.277,7.000
19.000,184.000,9.000,0.000,0.000,0.556,0.344,0.833,0.624,14.222,12.333,11.000,19.333,-5.667,-9.667,15.333,19.333,0.431,1.938,7.000
132.000,182.000,9.000,0.000,0.000,0.889,0.655,2.111,1.772,43.519,40.222,52.556,37.778,-9.889,27.111,-17.222,52.556,0.281,-1.917,6.000
253.000,201.000,9.000,0.000,0.000,3.000,2.692,2.833,2.336,43.963,39.222,53.889,38.778,-14.222,29.778,-15.556,53.889,0.281,-2.068,6.000
153.000,204.000,9.000,0.111,0.000,2.389,1.692,3.333,1.382,19.407,15.333,16.889,26.000,-12.222,-7.556,19.778,26.000,0.420,2.244,7.000
162.000,227.000,9.000,0.000,0.000,1.389,0.996,3.167,8.611,13.963,10.111,14.444,17.333,-11.556,1.444,10.111,17.444,0.426,2.707,7.000
237.000,135.000,9.000,0.000,0.000,0.556,0.207,0.667,0.356,4.148,5.667,4.778,2.000,4.556,1.889,-6.444,5.667,0.647,-0.808,1.000
98.000,144.000,9.000,0.000,0.000,0.222,0.030,0.333,0.089,1.000,0.000,3.000,0.000,-3.000,6.000,-3.000,3.000,1.000,-2.094,3.000
28.000,131.000,9.000,0.000,0.000,0.222,0.074,0.778,0.207,5.185,6.667,6.000,2.889,4.444,2.444,-6.889,6.667,0.566,-0.875,1.000
207.000,172.000,9.000,0.000,0.000,1.000,0.298,1.667,0.919,19.000,16.444,16.333,24.222,-7.667,-8.000,15.667,24.222,0.344,2.084,7.000
107.000,21.000,9.000,0.000,0.000,0.667,0.516,1.167,0.408,126.778,115.778,141.889,122.667,-33.000,45.333,-12.333,141.889,0.184,-2.370,2.000
140.000,247.000,9.000,0.000,0.000,2.500,3.189,2.667,3.556,8.111,6.000,5.889,12.444,-6.333,-6.667,13.000,12.444,0.563,2.118,7.000
169.000,184.000,9.000,0.111,0.000,1.222,0.544,2.500,1.929,56.259,51.222,69.000,48.556,-15.111,38.222,-23.111,69.000,0.296,-1.958,6.000
51.000,115.000,9.000,0.000,0.000,0.667,0.489,1.389,0.685,2.704,0.556,5.667,1.889,-6.444,8.889,-2.444,5.667,0.918,-2.358,3.000
105.000,193.000,9.000,0.000,0.000,3.222,1.905,2.889,2.177,60.111,53.111,75.111,52.111,-21.000,45.000,-24.000,75.111,0.308,-2.048,6.000
236.000,193.000,9.000,0.000,0.000,2.667,1.687,4.056,3.276,49.111,43.333,61.222,42.778,-17.333,36.333,-19.000,61.222,0.303,-2.065,6.000
24.000,172.000,9.000,0.000,0.000,1.167,0.913,9.778,5.456,42.037,38.000,50.333,37.778,-12.111,24.889,-12.778,50.333,0.250,-2.144,6.000
156.000,32.000,9.000,0.000,0.000,0.778,0.163,2.611,1.041,136.296,129.778,146.333,132.778,-19.556,30.111,-10.556,146.333,0.113,-2.281,2.000
96.000,130.000,9.000,0.000,0.000,0.556,0.455,1.222,0.655,2.407,0.444,5.000,1.778,-5.889,7.778,-1.889,5.000,0.931,-2.366,3.000
18.000,145.000,9.000,0.000,0.000,0.389,0.019,0.611,0.374,3.926,5.556,4.000,2.222,4.889,0.222,-5.111,5.556,0.601,-0.571,1.000
110.000,174.000,9.000,0.000,0.000,0.389,0.063,1.722,0.152,13.481,10.889,12.556,17.000,-7.778,-2.778,10.556,17.000,0.359,2.378,7.000
69.000,85.000,9.000,0.111,0.000,3.111,8.207,3.944,9.441,21.444,20.444,28.111,15.778,-3.000,20.000,-17.000,28.111,0.437,-1.660,1.000
193.000,125.000,9.000,0.000,0.000,5.056,2.551,1.944,1.879,37.444,32.333,47.556,32.444,-15.333,30.333,-15.000,47.556,0.322,-2.101,4.000
14.000,60.000,9.000,0.000,0.000,0.556,0.785,1.056,0.063,19.333,18.889,24.778,14.333,-1.333,16.333,-15.000,24.778,0.419,-1.623,1.000
12.000,56.000,9.000,0.222,0.000,1.222,0.207,1.333,1.022,19.852,19.444,25.444,14.667,-1.222,16.778,-15.556,25.444,0.423,-1.622,1.000
218.000,115.000,9.000,0.000,0.000,0.944,0.534,0.389,0.390,22.963,19.444,29.444,20.000,-10.556,19.444,-8.889,29.444,0.339,-2.149,5.000
107.000,21.000,9.000,0.000,0.000,0.667,0.516,1.167,0.408,126.778,115.778,141.889,122.667,-33.000,45.333,-12.333,141.889,0.184,-2.370,2.000
101.000,80.000,9.000,0.000,0.000,3.556,1.852,3.000,3.867,24.815,24.333,31.556,18.556,-1.444,20.222,-18.778,31.556,0.412,-1.620,1.000
19.000,62.000,9.000,0.000,0.000,11.222,0.886,0.667,0.365,62.815,53.778,80.000,54.667,-27.111,51.556,-24.444,80.000,0.329,-2.126,4.000
104.000,137.000,9.000,0.000,0.000,0.278,0.152,0.278,0.152,3.704,2.111,7.111,1.889,-4.778,10.222,-5.444,7.111,0.732,-2.058,5.000
32.000,113.000,9.000,0.000,0.000,0.500,0.078,0.278,0.152,6.148,7.222,7.778,3.444,3.222,4.889,-8.111,7.889,0.563,-1.175,1.000
95.000,100.000,9.000,0.111,0.000,0.722,0.107,1.222,1.141,21.074,21.667,26.000,15.556,1.778,14.778,-16.556,26.000,0.401,-1.477,1.000
138.000,116.000,9.000,0.000,0.000,0.611,0.152,0.444,0.207,6.481,7.556,8.222,3.667,3.222,5.222,-8.444,8.333,0.559,-1.191,1.000
234.000,175.000,9.000,0.000,0.000,1.944,1.324,3.444,2.257,57.778,50.667,72.667,50.000,-21.333,44.667,-23.333,72.667,0.312,-2.064,6.000
29.000,195.000,9.000,0.000,0.000,0.444,0.404,0.611,0.680,16.037,14.444,13.333,20.333,-4.778,-8.111,12.889,20.333,0.342,1.943,7.000
19.000,28.000,9.000,0.000,0.000,1.167,1.278,1.111,1.186,111.519,96.111,131.222,107.222,-46.222,59.111,-12.889,131.222,0.268,-2.426,2.000
53.000,176.000,9.000,0.000,0.000,1.944,0.880,1.556,1.996,50.296,45.444,62.111,43.333,-14.556,35.444,-20.889,62.111,0.302,-1.978,6.000
142.000,140.000,9.000,0.000,0.000,4.222,1.294,1.500,0.723,26.444,23.444,32.333,23.556,-9.000,17.667,-8.667,32.333,0.285,-2.100,4.000
54.000,133.000,9.000,0.000,0.000,4.389,1.705,1.278,1.219,21.444,19.889,25.778,18.667,-4.667,13.000,-8.333,25.778,0.270,-1.904,4.000
194.000,118.000,9.000,0.000,0.000,0.444,0.119,0.444,0.163,6.259,7.556,7.667,3.556,3.889,4.222,-8.111,7.778,0.544,-1.076,1.000
57.000,89.000,9.000,0.111,0.000,0.556,0.272,1.278,0.772,106.074,93.111,125.444,99.667,-38.889,58.111,-19.222,125.444,0.258,-2.306,2.000
121.000,113.000,9.000,0.000,0.000,1.722,1.530,2.944,1.530,20.259,20.000,25.444,15.333,-0.778,15.556,-14.778,25.444,0.397,-1.586,1.000
58.000,25.000,9.000,0.000,0.000,0.778,0.502,0.389,0.328,112.222,97.778,131.333,107.556,-43.333,57.333,-14.000,131.333,0.255,-2.397,2.000
180.000,97.000,9.000,0.000,0.000,0.944,0.330,1.000,0.667,134.370,126.556,145.444,131.111,-23.444,33.222,-9.778,145.444,0.130,-2.346,2.000
186.000,89.000,9.000,0.000,0.000,0.611,0.196,1.056,0.285,22.667,16.444,33.556,18.000,-18.667,32.667,-14.000,33.556,0.509,-2.188,5.000
223.000,150.000,9.000,0.000,0.000,0.000,0.000,0.000,0.000,0.000,0.000,0.000,0.000,0.000,0.000,0.000,0.000,0.000,0.000,5.000
53.000,135.000,9.000,0.000,0.000,0.556,0.207,0.333,0.089,0.741,0.000,2.111,0.111,-2.222,4.111,-1.889,2.111,0.889,-2.137,3.000
181.000,15.000,9.000,0.000,0.000,0.833,0.211,1.444,1.230,140.296,133.889,149.556,137.444,-19.222,27.778,-8.556,149.556,0.105,-2.331,2.000
227.000,116.000,9.000,0.000,0.000,0.389,0.152,0.222,0.074,5.407,6.556,6.778,2.889,3.444,4.111,-7.556,6.889,0.580,-1.093,1.000
141.000,163.000,9.000,0.000,0.000,0.778,0.430,18.778,1.852,40.704,35.222,48.889,38.000,-16.444,24.556,-8.111,48.889,0.270,-2.388,6.000
205.000,156.000,9.000,0.000,0.000,2.167,1.278,2.000,2.356,18.259,13.444,17.333,24.000,-14.444,-2.778,17.222,24.000,0.441,2.476,7.000
211.000,206.000,9.000,0.000,0.000,0.944,1.130,2.167,1.100,16.074,13.556,14.556,20.111,-7.556,-4.556,12.111,20.111,0.327,2.252,7.000
237.000,137.000,9.000,0.000,0.000,8.944,8.655,2.611,1.555,36.926,34.889,42.333,33.556,-6.111,16.222,-10.111,42.333,0.214,-1.941,4.000
244.000,105.000,9.000,0.000,0.000,5.944,4.923,1.500,0.810,22.704,19.111,29.556,19.444,-10.778,20.556,-9.778,29.556,0.364,-2.126,5.000
116.000,211.000,9.000,0.000,0.000,1.722,1.130,1.611,1.707,13.741,11.111,12.333,17.778,-7.889,-4.222,12.111,17.778,0.375,2.292,7.000
96.000,84.000,9.000,0.000,0.000,1.500,1.278,1.611,2.285,23.852,23.556,30.000,18.000,-0.889,18.444,-17.556,30.000,0.399,-1.599,1.000
147.000,87.000,9.000,0.000,0.000,6.833,6.619,1.556,1.695,43.333,37.889,54.889,37.222,-16.333,34.667,-18.333,54.889,0.320,-2.050,4.000
197.000,182.000,9.000,0.000,0.000,2.222,1.259,3.444,2.826,55.852,50.111,69.111,48.333,-17.222,39.778,-22.556,69.111,0.301,-2.002,6.000
18.000,43.000,9.000,0.000,0.000,1.889,1.772,1.556,1.223,64.704,54.889,82.556,56.667,-29.444,53.556,-24.111,82.556,0.335,-2.161,4.000
149.000,185.000,9.000,0.000,0.000,1.556,1.068,3.056,1.925,49.333,45.333,59.556,43.111,-12.000,30.667,-18.667,59.556,0.276,-1.953,6.000
133.000,125.000,9.000,0.000,0.000,1.444,2.830,2.111,1.319,66.259,61.111,79.111,58.556,-15.444,38.556,-23.111,79.111,0.260,-1.963,4.000
121.000,123.000,9.000,0.000,0.000,1.556,2.474,0.889,1.096,6.963,7.889,8.444,4.556,2.778,4.444,-7.222,8.444,0.475,-1.181,1.000
26.000,90.000,9.000,0.000,0.000,0.611,0.374,1.278,0.285,113.111,105.667,128.333,105.333,-22.333,45.667,-23.333,128.333,0.182,-2.078,2.000
222.000,131.000,9.000,0.000,0.000,0.000,0.000,0.000,0.000,0.000,0.000,0.000,0.000,0.000,0.000,0.000,0.000,0.000,0.000,5.000
116.000,184.000,9.000,0.000,0.000,2.222,2.119,10.611,45.085,31.704,28.778,38.000,28.333,-8.778,18.889,-10.111,38.333,0.251,-2.215,6.000
151.000,138.000,9.000,0.000,0.000,0.444,0.074,0.444,0.074,5.444,7.000,6.333,3.000,4.667,2.667,-7.333,7.000,0.567,-0.881,1.000
74.000,88.000,9.000,0.000,0.000,0.722,0.330,0.500,0.211,110.593,101.556,127.556,102.667,-27.111,50.889,-23.778,127.556,0.205,-2.139,2.000
40.000,73.000,9.000,0.111,0.000,1.389,1.085,1.611,2.507,20.630,19.778,26.778,15.333,-2.556,18.444,-15.889,26.778,0.427,-1.675,1.000
156.000,154.000,9.000,0.000,0.000,0.278,0.328,0.778,0.544,1.741,1.000,3.556,0.667,-2.222,5.444,-3.222,3.556,0.839,-1.988,5.000
137.000,190.000,9.000,0.000,0.000,2.056,0.743,2.278,1.405,60.444,53.444,75.556,52.333,-21.000,45.333,-24.333,75.556,0.309,-2.044,6.000
102.000,179.000,9.000,0.111,0.000,1.833,1.531,2.444,1.882,49.185,44.889,59.778,42.889,-12.889,31.778,-18.889,59.778,0.283,-1.970,6.000
229.000,124.000,9.000,0.000,0.000,0.889,0.074,0.889,0.341,5.889,7.111,7.111,3.444,3.667,3.667,-7.333,7.556,0.546,-1.038,1.000
55.000,93.000,9.000,0.111,0.000,0.833,0.300,1.389,1.796,3.000,0.556,7.222,1.222,-7.333,12.667,-5.333,7.222,0.936,-2.184,3.000
158.000,186.000,9.000,0.000,0.000,0.889,0.341,1.500,1.811,12.074,9.333,10.778,16.111,-8.222,-3.889,12.111,16.111,0.429,2.320,7.000
178.000,138.000,9.000,0.000,0.000,0.111,0.172,0.056,0.136,1.370,1.000,3.111,0.000,-1.111,5.222,-4.111,3.111,1.000,-1.755,5.000
90.000,134.000,9.000,0.000,0.000,0.389,0.019,0.944,0.152,2.111,1.000,4.667,0.667,-3.333,7.667,-4.333,4.667,0.881,-2.013,5.000
174.000,96.000,9.000,0.222,0.000,2.222,0.689,0.944,0.880,55.148,54.111,61.000,50.333,-3.111,17.556,-14.444,61.000,0.175,-1.720,4.000
54.000,91.000,9.000,0.000,0.000,1.444,1.541,0.833,0.256,3.259,0.556,8.000,1.222,-8.111,14.222,-6.111,8.000,0.945,-2.187,3.000
86.000,74.000,9.000,0.111,0.000,1.333,1.556,0.667,0.133,22.407,21.667,28.889,16.667,-2.222,19.444,-17.222,28.889,0.422,-1.647,1.000
198.000,185.000,9.000,0.000,0.000,1.333,1.229,2.500,1.657,50.222,45.444,61.333,43.889,-14.333,33.333,-19.000,61.333,0.286,-2.007,6.000
47.000,96.000,9.000,0.000,0.000,0.944,0.574,0.833,0.753,61.926,54.444,77.000,54.333,-22.444,45.222,-22.778,77.000,0.297,-2.089,4.000
198.000,127.000,9.000,0.000,0.000,2.444,4.385,8.556,59.541,40.741,38.000,48.222,36.000,-8.222,22.444,-14.222,48.222,0.249,-1.908,4.000
241.000,218.000,9.000,0.000,0.000,1.778,3.496,1.667,1.022,8.444,5.444,7.333,12.556,-9.000,-3.333,12.333,12.556,0.569,2.361,7.000
94.000,136.000,9.000,0.000,0.000,0.222,0.030,0.222,0.030,2.556,1.000,5.778,0.889,-4.667,9.667,-5.000,5.778,0.847,-2.071,5.000
25.000,199.000,9.000,0.000,0.000,1.111,0.607,1.056,0.463,17.519,13.111,17.889,21.556,-13.222,1.111,12.111,21.556,0.393,2.690,7.000
240.000,195.000,9.000,0.000,0.000,1.889,1.167,1.833,1.709,48.852,43.222,60.667,42.667,-16.889,35.444,-18.556,60.667,0.300,-2.063,6.000
220.000,111.000,9.000,0.000,0.000,2.556,1.656,2.278,1.597,29.593,25.444,38.222,25.111,-12.444,25.889,-13.444,38.222,0.349,-2.065,4.000
207.000,58.000,9.000,0.000,0.000,0.833,0.459,1.000,0.422,122.000,110.111,138.778,117.111,-35.667,50.333,-14.667,138.778,0.207,-2.349,2.000
131.000,234.000,9.000,0.000,0.000,0.833,0.300,0.889,0.607,5.741,4.000,4.444,8.778,-5.222,-3.889,9.111,8.778,0.557,2.194,7.000
124.000,101.000,9.000,0.000,0.111,3.389,27.974,6.444,59.496,10.185,5.778,15.556,9.222,-13.222,16.111,-2.889,15.556,0.700,-2.448,3.000
14.000,117.000,9.000,0.000,0.000,0.333,0.133,0.556,0.074,5.778,6.333,7.556,3.444,1.667,5.333,-7.000,7.556,0.544,-1.354,1.000
162.000,94.000,9.000,0.000,0.000,9.611,39.263,0.556,0.252,15.370,10.667,23.778,11.667,-14.111,25.222,-11.111,23.778,0.600,-2.143,5.000
206.000,64.000,9.000,0.000,0.000,0.056,0.136,0.278,0.136,5.704,3.667,10.333,3.111,-6.111,13.889,-7.778,10.333,0.698,-2.015,5.000
14.000,110.000,9.000,0.000,0.000,1.722,5.352,2.667,1.022,17.926,18.889,21.444,13.444,2.889,10.556,-13.444,21.444,0.369,-1.345,1.000
130.000,32.000,9.000,0.000,0.000,1.111,1.047,0.833,0.837,59.481,54.222,70.889,53.333,-15.778,34.222,-18.444,70.889,0.249,-2.042,4.000
195.000,119.000,9.000,0.000,0.111,3.611,1.405,1.222,0.911,8.630,5.889,13.667,6.333,-8.222,15.111,-6.889,13.667,0.590,-2.143,5.000
123.000,68.000,9.000,0.000,0.000,0.944,0.574,0.722,0.574,107.370,94.222,126.333,101.556,-39.444,56.889,-17.444,126.333,0.254,-2.333,2.000
82.000,51.000,9.000,0.000,0.000,0.611,0.443,0.611,0.743,123.185,111.778,138.889,118.889,-34.222,47.111,-12.889,138.889,0.195,-2.368,2.000
247.000,108.000,9.000,0.111,0.000,0.722,0.612,2.111,1.951,14.519,11.333,20.556,11.667,-9.556,18.111,-8.556,20.556,0.456,-2.127,5.000
39.000,60.000,9.000,0.111,0.000,1.556,1.141,2.444,1.941,22.630,21.333,30.000,16.556,-3.889,22.111,-18.222,30.000,0.447,-1.709,1.000
212.000,81.000,9.000,0.000,0.000,0.722,0.107,0.833,0.078,92.185,77.222,118.444,80.889,-44.889,78.778,-33.889,118.444,0.348,-2.187,2.000
25.000,41.000,9.000,0.000,0.000,1.000,0.578,1.500,0.656,113.407,103.889,131.222,105.111,-28.556,53.444,-24.889,131.222,0.208,-2.140,2.000
114.000,242.000,9.000,0.000,0.000,2.722,2.453,4.667,1.921,24.074,19.222,22.444,30.556,-14.556,-4.889,19.444,30.556,0.372,2.396,7.000
27.000,62.000,9.000,0.000,0.000,1.111,0.563,1.667,1.333,125.333,115.778,139.444,120.778,-28.667,42.333,-13.667,139.444,0.170,-2.314,2.000
154.000,120.000,9.000,0.000,0.000,0.444,0.030,0.444,0.119,5.963,7.778,6.778,3.333,5.444,2.444,-7.889,7.778,0.569,-0.820,1.000
19.000,102.000,9.000,0.000,0.000,3.889,1.501,1.167,0.624,58.370,50.667,73.444,51.000,-23.111,45.222,-22.111,73.444,0.317,-2.102,4.000
96.000,196.000,9.000,0.000,0.000,3.500,1.261,7.389,3.678,63.519,56.000,79.111,55.444,-22.556,46.778,-24.222,79.111,0.302,-2.070,6.000
22.000,133.000,9.000,0.000,0.000,0.000,0.000,0.000,0.000,0.000,0.000,0.000,0.000,0.000,0.000,0.000,0.000,0.000,0.000,3.000
165.000,96.000,9.000,0.000,0.000,2.389,1.574,1.722,1.219,67.037,61.000,80.222,59.889,-18.111,39.556,-21.444,80.222,0.255,-2.036,4.000
245.000,110.000,9.000,0.000,0.000,4.889,3.443,1.778,1.809,34.111,29.111,44.444,28.778,-15.000,31.000,-16.000,44.444,0.354,-2.069,4.000
49.000,112.000,9.000,0.111,0.000,1.333,1.378,1.556,1.719,3.815,1.111,7.222,3.111,-8.111,10.222,-2.111,7.222,0.868,-2.436,3.000
105.000,62.000,9.000,0.000,0.000,0.833,0.167,1.167,0.833,126.481,117.556,140.333,121.556,-26.778,41.556,-14.778,140.333,0.162,-2.275,2.000
38.000,106.000,9.000,0.000,0.000,2.222,2.519,2.111,3.141,20.000,20.000,25.111,14.889,0.000,15.333,-15.333,25.111,0.408,-1.558,1.000
208.000,90.000,9.000,0.000,0.000,2.889,2.563,0.722,0.063,5.148,2.778,10.000,2.667,-7.111,14.556,-7.444,10.000,0.797,-2.073,5.000
249.000,154.000,9.000,0.000,0.111,4.222,18.163,1.722,3.174,4.296,2.556,7.667,2.667,-5.222,10.111,-4.889,7.667,0.815,-2.096,5.000
169.000,131.000,9.000,0.000,0.000,2.389,1.867,9.222,2.115,35.704,30.667,45.778,30.667,-15.111,30.222,-15.111,45.778,0.339,-2.089,4.000
51.000,237.000,9.000,0.111,0.000,2.556,2.536,2.333,1.229,14.148,11.111,13.000,18.333,-9.111,-3.444,12.556,18.333,0.398,2.378,7.000
165.000,99.000,9.000,0.000,0.000,0.889,0.474,0.778,0.474,93.407,79.000,118.000,83.222,-43.222,73.778,-30.556,118.000,0.330,-2.208,2.000
197.000,121.000,9.000,0.000,0.000,21.667,17.363,0.944,0.905,41.037,37.444,49.444,36.222,-10.778,25.222,-14.444,49.444,0.281,-1.996,4.000
243.000,94.000,9.000,0.000,0.000,0.667,0.311,0.222,0.030,1.185,0.222,3.222,0.111,-2.889,6.111,-3.222,3.222,0.978,-2.071,5.000
13.000,149.000,9.000,0.000,0.000,0.889,0.785,1.000,1.244,5.519,4.111,8.778,3.667,-4.222,9.778,-5.556,8.778,0.588,-2.009,1.000
67.000,71.000,9.000,0.000,0.000,1.667,0.889,1.500,0.300,125.963,115.556,140.889,121.444,-31.222,44.778,-13.556,140.889,0.180,-2.340,2.000
200.000,147.000,9.000,0.000,0.000,0.222,0.544,0.444,0.689,0.296,0.222,0.444,0.222,-0.222,0.444,-0.222,0.444,0.111,-2.094,5.000
31.000,106.000,9.000,0.000,0.000,1.611,0.730,0.722,1.174,19.111,19.556,23.667,14.111,1.333,13.667,-15.000,23.667,0.403,-1.485,1.000
235.000,46.000,9.000,0.000,0.000,1.167,0.624,1.333,0.596,114.630,100.889,132.889,110.111,-41.222,54.778,-13.556,132.889,0.241,-2.395,2.000
141.000,31.000,9.000,0.000,0.000,1.444,0.385,1.222,1.185,126.815,117.111,141.222,122.111,-29.111,43.222,-14.111,141.222,0.171,-2.311,2.000
121.000,113.000,9.000,0.000,0.000,1.722,1.530,2.944,1.530,20.259,20.000,25.444,15.333,-0.778,15.556,-14.778,25.444,0.397,-1.586,1.000
242.000,65.000,9.000,0.000,0.000,0.556,0.272,1.000,0.422,8.926,6.111,14.333,6.333,-8.444,16.222,-7.778,14.333,0.583,-2.122,5.000
4.000,87.000,9.000,0.111,0.000,2.778,3.096,2.722,4.374,17.333,18.222,21.000,12.778,2.667,11.000,-13.667,21.111,0.392,-1.318,1.000
37.000,25.000,9.000,0.000,0.000,1.333,0.730,1.000,0.760,126.037,114.333,142.222,121.556,-35.111,48.556,-13.444,142.222,0.196,-2.365,2.000
188.000,42.000,9.000,0.000,0.000,0.778,0.544,1.667,1.265,108.926,95.667,126.222,104.889,-39.778,51.889,-12.111,126.222,0.242,-2.410,2.000
53.000,28.000,9.000,0.000,0.000,0.444,0.404,1.778,0.861,111.593,96.444,130.667,107.667,-45.444,57.222,-11.778,130.667,0.262,-2.439,2.000
59.000,96.000,9.000,0.000,0.000,0.611,0.419,0.611,0.241,111.593,103.444,128.111,103.222,-24.444,49.556,-25.111,128.111,0.198,-2.086,2.000
202.000,129.000,9.000,0.000,0.000,0.222,0.544,3.444,3.804,2.296,2.444,2.556,1.889,0.444,0.778,-1.222,2.667,0.097,-1.101,5.000
49.000,148.000,9.000,0.000,0.000,0.778,0.252,6.667,33.422,15.963,12.000,16.889,19.000,-11.889,2.778,9.111,19.444,0.404,2.912,7.000
223.000,185.000,9.000,0.000,0.000,0.500,0.350,2.389,2.081,12.963,11.556,9.778,17.556,-4.222,-9.556,13.778,17.556,0.445,1.839,7.000
58.000,140.000,9.000,0.000,0.000,0.056,0.019,0.222,0.030,0.259,0.000,0.778,0.000,-0.778,1.556,-0.778,0.778,0.778,-2.094,5.000
54.000,176.000,9.000,0.000,0.000,2.111,0.689,2.667,2.692,50.667,46.000,62.667,43.333,-14.000,36.000,-22.000,62.667,0.309,-1.951,6.000
103.000,195.000,9.000,0.111,0.000,2.056,1.574,2.056,3.796,8.519,6.333,6.889,12.333,-6.556,-4.889,11.444,12.333,0.502,2.187,7.000
242.000,57.000,9.000,0.000,0.000,1.222,0.785,1.000,0.311,92.926,76.444,119.333,83.000,-49.444,79.222,-29.778,119.333,0.359,-2.254,2.000
129.000,136.000,9.000,0.000,0.000,2.000,1.556,0.833,0.122,6.185,3.667,10.667,4.222,-7.556,13.444,-5.889,10.667,0.658,-2.175,5.000
90.000,111.000,9.000,0.000,0.000,1.667,1.467,1.333,1.022,18.630,19.778,22.222,13.889,3.444,10.778,-14.222,22.222,0.374,-1.334,1.000
234.000,122.000,9.000,0.000,0.000,1.722,7.841,1.389,7.574,2.259,0.556,5.222,1.000,-5.111,8.889,-3.778,5.222,0.960,-2.173,3.000
124.000,113.000,9.000,0.000,0.000,0.389,0.390,0.278,0.328,0.963,0.000,2.778,0.111,-2.889,5.444,-2.556,2.778,1.000,-2.123,3.000
118.000,111.000,9.000,0.000,0.000,1.222,1.047,0.556,0.272,62.259,56.444,75.333,55.000,-17.444,39.222,-21.778,75.333,0.269,-2.014,4.000
44.000,123.000,9.000,0.000,0.000,1.056,0.996,1.000,0.844,1.481,0.222,3.667,0.556,-3.778,6.556,-2.778,3.667,0.962,-2.162,3.000
19.000,63.000,9.000,0.000,0.000,1.278,1.574,2.111,3.096,20.926,19.667,27.778,15.333,-3.778,20.556,-16.778,27.778,0.447,-1.727,1.000
188.000,190.000,9.000,0.000,0.000,1.944,0.976,2.056,1.104,48.889,44.222,60.000,42.444,-14.000,33.333,-19.333,60.000,0.292,-1.986,6.000
160.000,187.000,9.000,0.111,0.000,2.611,1.937,5.111,3.538,49.481,44.667,60.889,42.889,-14.444,34.222,-19.778,60.889,0.297,-1.991,6.000
167.000,189.000,9.000,0.000,0.000,3.778,2.238,3.778,1.544,58.407,51.333,72.444,51.444,-21.222,42.111,-20.889,72.444,0.296,-2.101,6.000
57.000,117.000,9.000,0.000,0.000,0.444,0.207,0.389,0.063,6.333,7.667,7.444,3.889,4.000,3.333,-7.333,8.000,0.510,-0.984,1.000
58.000,109.000,9.000,0.000,0.000,1.167,0.624,1.056,0.491,41.815,36.111,53.667,35.667,-17.111,35.556,-18.444,53.667,0.335,-2.069,4.000
195.000,161.000,9.000,0.000,0.000,2.111,1.807,10.500,91.322,41.481,36.000,51.111,37.333,-16.444,28.889,-12.444,51.222,0.295,-2.317,6.000
104.000,129.000,9.000,0.000,0.000,19.278,28.907,1.111,1.096,37.889,33.111,47.444,33.111,-14.333,28.667,-14.333,47.444,0.321,-2.098,4.000
230.000,12.000,9.000,0.000,0.000,0.889,0.272,1.611,0.976,119.037,107.222,135.333,114.556,-35.444,48.889,-13.444,135.333,0.208,-2.369,2.000
80.000,87.000,9.000,0.000,0.111,24.389,572.996,44.722,1386.329,67.444,58.778,79.000,64.556,-26.000,34.667,-8.667,79.000,0.306,-2.422,3.000
215.000,153.000,9.000,0.000,0.111,19.667,8.044,1.111,3.896,8.333,5.333,13.444,6.222,-9.000,15.333,-6.333,13.444,0.770,-2.144,5.000
158.000,195.000,9.000,0.000,0.000,2.444,2.344,2.833,1.722,11.704,9.444,8.556,17.111,-6.778,-9.444,16.222,17.111,0.518,2.011,7.000
172.000,183.000,9.000,0.000,0.000,2.889,1.682,4.056,3.073,56.333,50.444,70.000,48.556,-17.667,41.000,-23.333,70.000,0.305,-1.998,6.000
99.000,184.000,9.000,0.000,0.000,1.833,3.278,7.944,63.352,31.519,27.778,38.778,28.000,-11.222,21.778,-10.556,38.778,0.280,-2.183,6.000
13.000,15.000,9.000,0.111,0.000,1.222,0.886,1.222,1.026,68.963,59.333,86.889,60.667,-28.889,53.778,-24.889,86.889,0.317,-2.145,4.000
221.000,69.000,9.000,0.000,0.000,1.556,0.807,0.722,0.854,36.963,36.667,40.222,34.000,-0.889,9.778,-8.889,40.222,0.154,-1.640,4.000
167.000,57.000,9.000,0.000,0.000,0.944,0.374,0.778,0.696,98.593,84.000,121.556,90.222,-43.778,68.889,-25.111,121.556,0.309,-2.264,2.000
150.000,152.000,9.000,0.000,0.000,0.111,0.030,2.056,3.574,1.370,1.000,2.333,0.778,-1.111,2.889,-1.778,2.333,0.537,-2.007,5.000
223.000,175.000,9.000,0.000,0.000,3.778,3.125,7.167,4.689,57.852,50.778,72.778,50.000,-21.222,44.778,-23.556,72.778,0.313,-2.059,6.000
186.000,130.000,9.000,0.000,0.000,0.500,0.122,0.389,0.152,5.333,6.889,6.222,2.889,4.667,2.667,-7.333,7.000,0.588,-0.889,1.000
212.000,152.000,9.000,0.000,0.000,5.000,7.644,2.389,3.263,26.556,20.333,37.667,21.667,-18.667,33.333,-14.667,37.667,0.463,-2.166,4.000
219.000,126.000,9.000,0.000,0.000,0.389,0.063,14.056,44.374,36.185,33.556,43.000,32.000,-7.889,20.444,-12.556,43.000,0.258,-1.942,4.000
252.000,201.000,9.000,0.000,0.000,4.611,5.495,5.556,5.795,40.296,35.778,49.000,36.111,-13.556,26.111,-12.556,49.000,0.275,-2.176,6.000
95.000,127.000,9.000,0.000,0.000,0.222,0.074,0.222,0.030,0.630,0.000,1.889,0.000,-1.889,3.778,-1.889,1.889,1.000,-2.094,3.000
210.000,73.000,9.000,0.000,0.000,1.333,0.966,1.000,0.816,42.259,40.556,47.333,38.889,-5.111,15.222,-10.111,47.333,0.178,-1.893,4.000
196.000,129.000,9.000,0.000,0.000,0.833,0.433,0.667,0.178,6.333,7.889,7.333,3.778,4.667,3.000,-7.667,8.222,0.540,-0.933,1.000
190.000,136.000,9.000,0.000,0.000,2.278,1.530,2.833,0.611,4.852,2.889,8.556,3.111,-5.889,11.111,-5.222,8.556,0.710,-2.124,4.000
142.000,119.000,9.000,0.000,0.000,5.278,0.854,1.056,0.612,45.630,40.667,56.000,40.222,-14.889,31.111,-16.222,56.000,0.281,-2.064,4.000
233.000,159.000,9.000,0.000,0.000,2.500,0.522,1.278,1.574,6.630,5.111,10.111,4.667,-4.556,10.444,-5.889,10.111,0.542,-1.999,4.000
86.000,193.000,9.000,0.000,0.000,3.278,1.652,2.222,1.809,61.407,53.667,76.556,54.000,-23.222,45.444,-22.222,76.556,0.300,-2.109,6.000
139.000,185.000,9.000,0.000,0.000,2.000,0.632,1.222,1.905,59.148,52.222,73.444,51.778,-20.778,42.889,-22.111,73.444,0.296,-2.074,6.000
161.000,176.000,9.000,0.000,0.000,0.389,0.152,1.167,0.389,13.000,10.111,11.778,17.111,-8.667,-3.667,12.333,17.111,0.408,2.341,7.000
68.000,103.000,9.000,0.000,0.000,0.667,0.578,1.111,0.963,2.148,0.111,5.667,0.667,-6.111,10.556,-4.444,5.667,0.988,-2.185,3.000
63.000,201.000,9.000,0.000,0.000,2.111,1.734,2.500,1.657,61.630,54.889,76.444,53.556,-20.222,44.444,-24.222,76.444,0.299,-2.034,6.000
41.000,75.000,9.000,0.000,0.111,15.389,19.136,26.611,31.714,55.000,47.444,65.444,52.111,-22.667,31.333,-8.667,65.444,0.298,-2.357,3.000
235.000,120.000,9.000,0.000,0.000,0.444,0.341,0.500,0.300,1.444,0.000,4.000,0.333,-4.333,7.667,-3.333,4.000,1.000,-2.156,3.000
186.000,46.000,9.000,0.000,0.000,0.667,0.400,1.056,0.863,135.519,129.444,145.556,131.556,-18.222,30.111,-11.889,145.556,0.111,-2.233,2.000
152.000,155.000,9.000,0.000,0.000,0.500,0.611,10.778,131.807,7.296,5.333,11.000,5.556,-5.889,11.111,-5.222,11.000,0.500,-2.116,5.000
223.000,62.000,9.000,0.000,0.000,0.333,0.298,0.444,0.502,6.444,4.111,11.444,3.778,-7.000,15.000,-8.000,11.444,0.670,-2.049,5.000
93.000,147.000,9.000,0.000,0.000,3.056,3.586,3.556,3.216,7.704,6.444,9.889,6.778,-3.778,6.556,-2.778,9.889,0.349,-2.065,3.000
23.000,147.000,9.000,0.000,0.000,0.333,0.133,0.722,0.419,4.593,4.111,7.444,2.222,-1.444,8.556,-7.111,7.667,0.698,-1.562,1.000
101.000,197.000,9.000,0.000,0.000,3.556,7.541,4.944,6.419,21.259,17.444,18.778,27.556,-11.444,-7.444,18.889,27.556,0.395,2.243,7.000
50.000,199.000,9.000,0.000,0.000,3.222,2.979,5.611,4.616,55.667,49.111,69.778,48.111,-19.667,42.333,-22.667,69.778,0.312,-2.045,6.000
170.000,36.000,9.000,0.000,0.000,1.111,0.341,1.833,1.456,103.037,89.556,125.222,94.333,-40.444,66.556,-26.111,125.222,0.285,-2.232,2.000
152.000,18.000,9.000,0.000,0.000,0.778,0.455,0.556,0.272,112.111,97.222,130.444,108.667,-44.667,55.000,-10.333,130.444,0.255,-2.455,2.000
79.000,57.000,9.000,0.000,0.000,1.722,1.619,1.944,1.974,26.815,24.000,36.222,20.222,-8.444,28.222,-19.778,36.222,0.441,-1.838,1.000
37.000,120.000,9.000,0.000,0.000,0.833,0.344,1.056,0.463,1.926,0.222,4.444,1.111,-5.111,7.556,-2.444,4.444,0.963,-2.298,3.000
23.000,129.000,9.000,0.000,0.000,0.500,0.078,0.389,0.152,0.519,0.000,1.556,0.000,-1.556,3.111,-1.556,1.556,0.778,-2.094,3.000
151.000,129.000,9.000,0.000,0.000,8.056,8.142,0.722,0.828,32.037,27.556,41.111,27.444,-13.444,27.222,-13.778,41.111,0.338,-2.079,4.000
184.000,145.000,9.000,0.000,0.000,0.944,0.491,1.778,0.935,3.407,2.333,5.778,2.111,-3.222,7.111,-3.889,5.778,0.657,-2.037,5.000
7.000,90.000,9.000,0.000,0.000,1.278,0.854,2.444,2.018,4.667,2.556,5.778,5.667,-6.333,3.333,3.000,6.222,0.665,-3.044,3.000
184.000,145.000,9.000,0.000,0.000,0.722,0.612,0.222,0.272,0.556,0.333,1.222,0.111,-0.667,2.000,-1.333,1.222,0.528,-1.921,5.000
24.000,188.000,9.000,0.000,0.000,1.722,1.219,6.611,38.552,30.630,27.333,38.000,26.556,-9.889,22.111,-12.222,38.000,0.291,-2.038,6.000
35.000,112.000,9.000,0.111,0.000,0.889,0.296,0.556,0.163,16.185,12.111,23.889,12.556,-12.222,23.111,-10.889,23.889,0.493,-2.133,5.000
68.000,198.000,9.000,0.000,0.111,2.889,2.880,3.056,2.871,58.074,51.444,71.889,50.889,-19.889,41.444,-21.556,71.889,0.291,-2.065,6.000
215.000,235.000,9.000,0.000,0.000,1.389,1.063,1.056,0.491,9.185,6.778,8.000,12.778,-7.222,-3.556,10.778,12.778,0.482,2.311,7.000
247.000,50.000,9.000,0.000,0.000,0.444,0.272,0.778,0.344,121.185,109.222,138.889,115.444,-35.889,53.111,-17.222,138.889,0.214,-2.312,2.000
188.000,35.000,9.000,0.000,0.000,1.222,1.052,1.111,0.563,124.556,114.444,140.111,119.111,-30.333,46.667,-16.333,140.111,0.183,-2.283,2.000
73.000,105.000,9.000,0.000,0.000,2.111,1.096,1.167,0.522,58.630,53.333,70.333,52.222,-15.889,35.111,-19.222,70.333,0.259,-2.032,4.000
4.000,189.000,9.000,0.000,0.000,2.056,3.885,11.722,114.596,26.444,23.444,33.000,22.889,-9.000,19.667,-10.667,33.000,0.271,-2.101,6.000
112.000,102.000,9.000,0.000,0.000,0.556,0.207,1.556,0.474,3.370,0.556,7.667,1.889,-8.444,12.889,-4.444,7.667,0.941,-2.275,3.000
207.000,215.000,9.000,0.000,0.000,3.222,2.040,2.500,1.616,23.815,18.111,22.667,30.667,-17.111,-3.444,20.556,30.667,0.410,2.472,7.000
210.000,232.000,9.000,0.000,0.000,1.833,1.206,1.500,1.722,8.815,6.556,7.222,12.667,-6.778,-4.778,11.556,12.667,0.491,2.201,7.000
206.000,133.000,9.000,0.000,0.000,0.056,0.136,0.056,0.136,0.370,0.000,1.111,0.000,-1.111,2.222,-1.111,1.111,1.000,-2.094,5.000
34.000,137.000,9.000,0.000,0.000,0.500,0.167,1.111,0.474,5.852,7.778,6.444,3.333,5.778,1.778,-7.556,7.778,0.574,-0.744,1.000
63.000,33.000,9.000,0.000,0.000,0.611,0.330,0.722,0.063,111.333,97.778,132.000,104.222,-40.667,62.000,-21.333,132.000,0.259,-2.290,2.000
211.000,130.000,9.000,0.000,0.000,0.000,0.000,0.000,0.000,0.000,0.000,0.000,0.000,0.000,0.000,0.000,0.000,0.000,0.000,5.000
58.000,113.000,9.000,0.000,0.000,3.444,1.223,0.722,0.390,20.852,16.889,28.444,17.222,-11.889,22.778,-10.889,28.444,0.415,-2.126,5.000
28.000,188.000,9.000,0.000,0.000,1.444,1.496,5.111,19.007,29.963,26.889,36.444,26.556,-9.222,19.444,-10.222,36.444,0.276,-2.084,6.000
30.000,251.000,9.000,0.000,0.000,2.444,1.882,8.000,1.606,20.667,21.444,17.778,22.778,2.333,-8.667,6.333,22.778,0.231,1.287,7.000
230.000,180.000,9.000,0.111,0.000,1.111,0.519,1.944,1.263,13.852,9.667,13.111,18.778,-12.556,-2.222,14.778,18.778,0.487,2.488,7.000
191.000,107.000,9.000,0.000,0.000,2.056,1.526,10.333,3.011,29.222,26.889,35.889,24.889,-7.000,20.000,-13.000,35.889,0.312,-1.877,4.000
68.000,127.000,9.000,0.000,0.000,1.056,0.976,1.278,0.828,16.370,10.889,26.444,11.778,-16.444,30.222,-13.778,26.444,0.601,-2.036,3.000
181.000,87.000,9.000,0.000,0.000,1.222,0.474,0.778,0.207,135.407,127.889,146.444,131.889,-22.556,33.111,-10.556,146.444,0.127,-2.313,2.000
169.000,136.000,9.000,0.000,0.000,0.278,0.063,0.833,0.211,2.074,0.667,4.889,0.667,-4.222,8.444,-4.222,4.889,0.878,-2.094,5.000
70.000,122.000,9.000,0.000,0.000,3.667,4.033,4.111,3.781,19.889,17.889,25.111,16.667,-6.000,15.667,-9.667,26.444,0.402,-1.540,3.000
226.000,176.000,9.000,0.000,0.000,3.056,3.276,2.389,2.871,56.926,50.444,71.444,48.889,-19.444,43.556,-24.111,71.444,0.316,-2.022,6.000
71.000,113.000,9.000,0.000,0.000,0.722,0.241,0.722,0.152,5.481,7.111,6.333,3.000,4.889,2.556,-7.444,7.111,0.580,-0.851,1.000
17.000,108.000,9.000,0.000,0.000,1.278,0.647,1.167,0.913,1.852,0.556,3.333,1.667,-3.889,4.444,-0.556,3.333,0.876,-2.464,3.000
13.000,191.000,9.000,0.000,0.000,3.556,5.407,7.778,40.030,25.296,23.556,29.889,22.444,-5.222,13.778,-8.556,30.111,0.237,-1.858,6.000
34.000,13.000,9.000,0.000,0.000,0.222,0.172,1.556,0.544,70.370,60.667,88.111,62.333,-29.111,53.222,-24.111,88.111,0.311,-2.155,4.000
118.000,125.000,9.000,0.000,0.000,0.333,0.298,0.889,0.344,1.148,0.000,3.111,0.333,-3.444,5.889,-2.444,3.111,1.000,-2.176,3.000
211.000,107.000,9.000,0.111,0.000,2.556,2.252,2.056,2.819,16.741,11.778,25.778,12.667,-14.889,27.111,-12.222,25.778,0.547,-2.159,5.000
56.000,32.000,9.000,0.000,0.000,0.944,0.419,0.833,0.656,112.037,99.222,132.556,104.333,-38.444,61.556,-23.111,132.556,0.251,-2.256,2.000
204.000,25.000,9.000,0.000,0.000,0.611,0.330,0.833,0.478,102.481,88.000,125.667,93.778,-43.444,69.556,-26.111,125.667,0.300,-2.253,2.000
23.000,55.000,9.000,0.000,0.000,2.222,3.674,1.778,0.785,23.444,21.667,31.111,17.556,-5.333,23.000,-17.667,31.111,0.435,-1.771,1.000
32.000,158.000,9.000,0.000,0.000,0.944,0.863,0.833,0.611,7.963,6.333,11.889,5.667,-4.889,11.778,-6.889,11.889,0.521,-1.983,4.000
68.000,122.000,9.000,0.000,0.000,2.778,2.029,1.556,1.996,20.148,14.222,31.111,15.111,-17.778,32.889,-15.111,31.111,0.546,-2.060,3.000
175.000,212.000,9.000,0.111,0.000,1.000,0.667,1.833,1.346,12.296,10.000,9.000,17.889,-6.889,-9.889,16.778,17.889,0.499,1.974,7.000
93.000,236.000,9.000,0.111,0.000,1.778,2.696,2.000,0.933,12.519,9.556,10.778,17.222,-8.889,-5.222,14.111,17.222,0.447,2.267,7.000
178.000,16.000,9.000,0.000,0.000,0.333,0.298,1.500,1.206,112.963,99.556,131.000,108.333,-40.222,54.111,-13.889,131.000,0.240,-2.385,2.000
77.000,124.000,9.000,0.000,0.000,0.500,0.122,0.611,0.063,5.111,6.889,5.667,2.778,5.333,1.667,-7.000,6.889,0.596,-0.753,1.000
232.000,31.000,9.000,0.000,0.000,0.556,0.344,0.778,0.344,114.963,101.889,132.556,110.444,-39.222,52.778,-13.556,132.556,0.231,-2.385,2.000
160.000,73.000,9.000,0.111,0.000,0.944,0.330,0.778,0.652,58.815,54.000,70.111,52.333,-14.444,33.889,-19.444,70.111,0.253,-1.997,4.000
176.000,132.000,9.000,0.000,0.000,0.500,0.122,0.944,0.330,5.741,7.444,6.222,3.556,5.111,1.444,-6.556,7.556,0.530,-0.726,1.000
240.000,145.000,9.000,0.000,0.000,0.389,0.152,0.500,0.122,4.074,5.333,5.000,1.889,3.778,2.778,-6.556,5.444,0.656,-0.959,1.000
210.000,47.000,9.000,0.000,0.000,0.500,0.211,0.667,0.489,97.111,82.556,121.444,87.333,-43.667,73.000,-29.333,121.444,0.320,-2.223,2.000
126.000,141.000,9.000,0.000,0.000,1.389,1.352,0.889,0.830,3.259,0.444,7.667,1.667,-8.444,13.222,-4.778,7.667,0.953,-2.257,3.000
29.000,66.000,9.000,0.000,0.000,2.556,2.163,2.167,5.144,22.630,21.222,29.889,16.778,-4.222,21.778,-17.556,29.889,0.438,-1.734,1.000
206.000,233.000,9.000,0.000,0.000,1.389,1.541,1.722,0.828,26.815,21.889,25.111,33.444,-14.778,-5.111,19.889,33.444,0.346,2.389,7.000
113.000,123.000,9.000,0.111,0.000,1.444,0.621,1.944,1.718,59.333,51.889,73.778,52.333,-22.333,43.333,-21.000,73.778,0.299,-2.112,4.000
126.000,237.000,9.000,0.000,0.000,0.944,0.241,1.000,0.489,5.778,4.222,4.222,8.889,-4.667,-4.667,9.333,8.889,0.554,2.097,7.000
140.000,161.000,9.000,0.000,0.000,0.278,0.328,0.778,0.621,15.741,12.444,14.333,20.444,-9.889,-4.222,14.111,20.444,0.391,2.345,7.000
17.000,229.000,9.000,0.000,0.000,2.111,1.985,2.444,1.615,13.704,11.222,11.111,18.778,-7.444,-7.778,15.222,18.778,0.440,2.100,7.000
46.000,235.000,9.000,0.000,0.000,1.944,1.841,1.722,3.574,10.889,7.556,9.333,15.778,-10.000,-4.667,14.667,15.778,0.520,2.316,7.000
63.000,179.000,9.000,0.000,0.000,0.667,0.222,1.556,0.563,11.815,9.778,9.444,16.222,-6.111,-7.111,13.222,16.222,0.420,2.045,7.000
220.000,61.000,9.000,0.000,0.000,0.278,0.136,0.556,0.272,6.889,4.556,12.000,4.111,-7.000,15.333,-8.333,12.000,0.656,-2.039,5.000
42.000,57.000,9.000,0.000,0.000,1.389,0.976,1.000,0.365,65.704,59.444,79.444,58.222,-18.778,41.222,-22.444,79.444,0.267,-2.031,4.000
115.000,156.000,9.000,0.000,0.000,0.389,0.390,1.056,0.647,24.259,17.222,26.000,29.556,-21.111,5.222,15.889,29.556,0.417,2.843,7.000
38.000,241.000,9.000,0.000,0.000,2.056,0.574,1.556,1.425,14.333,10.889,14.000,18.111,-10.333,-1.000,11.333,18.111,0.400,2.544,7.000
242.000,164.000,9.000,0.111,0.000,0.389,0.534,3.222,1.047,19.815,15.111,18.778,25.556,-14.111,-3.111,17.222,25.556,0.410,2.460,7.000
88.000,91.000,9.000,0.000,0.000,1.056,0.828,0.722,0.772,104.889,92.556,123.444,98.667,-37.000,55.667,-18.667,123.444,0.250,-2.300,2.000
25.000,208.000,9.000,0.000,0.000,5.722,4.842,6.333,3.553,55.630,48.222,70.333,48.333,-22.222,44.111,-21.889,70.333,0.321,-2.095,6.000
63.000,203.000,9.000,0.000,0.000,4.278,3.791,3.444,4.037,58.481,52.444,71.667,51.333,-18.111,39.556,-21.444,71.667,0.287,-2.035,6.000
2.000,245.000,9.000,0.000,0.000,1.889,2.163,3.167,3.278,6.407,6.222,6.000,7.000,-0.556,-1.222,1.778,7.222,0.191,1.757,7.000
94.000,127.000,9.000,0.000,0.000,0.778,0.502,0.778,0.689,2.741,0.556,5.556,2.111,-6.556,8.444,-1.889,5.556,0.915,-2.409,3.000
220.000,149.000,9.000,0.000,0.000,0.111,0.172,0.111,0.172,0.037,0.000,0.111,0.000,-0.111,0.222,-0.111,0.111,0.111,-2.094,5.000
139.000,128.000,9.000,0.000,0.000,2.944,7.885,3.167,12.433,5.296,2.444,9.556,3.889,-8.556,12.778,-4.222,9.556,0.805,-2.300,3.000
82.000,109.000,9.000,0.111,0.000,0.722,0.241,1.333,0.800,17.778,19.222,21.000,13.111,4.333,9.667,-14.000,21.000,0.376,-1.277,1.000
112.000,30.000,9.000,0.000,0.000,0.556,0.272,1.222,0.720,113.259,100.778,130.111,108.889,-37.444,50.556,-13.111,130.111,0.225,-2.385,2.000
49.000,240.000,9.000,0.000,0.111,3.056,1.639,2.056,1.744,20.444,15.222,18.778,27.333,-15.667,-5.000,20.667,27.333,0.446,2.421,7.000
189.000,107.000,9.000,0.000,0.000,2.667,0.699,0.833,0.723,27.778,23.444,35.111,24.778,-13.000,22.000,-9.000,35.111,0.332,-2.201,5.000
